689
1355
0.371907 0.204347 0.000000
0.404354 0.224282 0.000000
0.318862 0.241081 0.000000
0.297265 0.218923 0.000000
0.354702 0.242759 0.000000
0.457288 0.193572 0.000000
0.266831 0.261607 0.000000
0.294257 0.280032 0.000000
0.404313 0.247454 0.000000
0.334034 0.182204 0.000000
0.349177 0.265810 0.000000
0.533679 0.207058 0.000000
0.461102 0.229292 0.000000
0.241819 0.324536 0.000000
0.389638 0.279224 0.000000
0.429250 0.163437 0.000000
0.199432 0.253880 0.000000
0.249487 0.203468 0.000000
0.308924 0.301958 0.000000
0.297075 0.169526 0.000000
0.344382 0.300066 0.000000
0.379997 0.151660 0.000000
0.496096 0.239347 0.000000
0.453558 0.257038 0.000000
0.283585 0.333493 0.000000
0.315247 0.334526 0.000000
0.605101 0.233876 0.000000
0.573264 0.164524 0.000000
0.171418 0.365959 0.000000
0.483880 0.144692 0.000000
0.435505 0.301607 0.000000
0.216875 0.400085 0.000000
0.380191 0.311998 0.000000
0.248470 0.160659 0.000000
0.327372 0.139567 0.000000
0.611723 0.201775 0.000000
0.553029 0.240425 0.000000
0.512573 0.263362 0.000000
0.443500 0.124946 0.000000
0.232931 0.147025 0.000000
0.252245 0.373601 0.000000
0.655365 0.222788 0.000000
0.459893 0.280527 0.000000
0.417794 0.333937 0.000000
0.285229 0.364350 0.000000
0.344384 0.343112 0.000000
0.166554 0.216527 0.000000
0.379120 0.351925 0.000000
0.336735 0.108511 0.000000
0.234799 0.442840 0.000000
0.201415 0.475878 0.000000
0.690401 0.184651 0.000000
0.584488 0.135455 0.000000
0.175431 0.135708 0.000000
0.639083 0.254982 0.000000
0.567588 0.261166 0.000000
0.263048 0.414915 0.000000
0.315871 0.372658 0.000000
0.150010 0.332490 0.000000
0.490722 0.299622 0.000000
0.526703 0.102733 0.000000
0.272519 0.094211 0.000000
0.691003 0.253978 0.000000
0.464894 0.325771 0.000000
0.232113 0.525486 0.000000
0.202856 0.581128 0.000000
0.294402 0.402226 0.000000
0.122421 0.216884 0.000000
0.563802 0.284991 0.000000
0.533699 0.297682 0.000000
0.139204 0.464682 0.000000
0.129466 0.304805 0.000000
0.385535 0.391498 0.000000
0.670018 0.303071 0.000000
0.714165 0.230059 0.000000
0.600136 0.273699 0.000000
0.415044 0.375534 0.000000
0.177251 0.087929 0.000000
0.169067 0.525960 0.000000
0.634162 0.294180 0.000000
0.758983 0.209121 0.000000
0.264364 0.482576 0.000000
0.281896 0.451092 0.000000
0.343427 0.384146 0.000000
0.714767 0.311349 0.000000
0.717997 0.164042 0.000000
0.522135 0.336160 0.000000
0.468294 0.085199 0.000000
0.456256 0.355322 0.000000
0.216910 0.587984 0.000000
0.266714 0.567125 0.000000
0.117988 0.481689 0.000000
0.114200 0.146209 0.000000
0.566006 0.316908 0.000000
0.726757 0.134983 0.000000
0.322740 0.073719 0.000000
0.467073 0.387299 0.000000
0.254420 0.613509 0.000000
0.191141 0.604064 0.000000
0.326947 0.407626 0.000000
0.090792 0.271840 0.000000
0.656407 0.360139 0.000000
0.600551 0.310621 0.000000
0.659451 0.099731 0.000000
0.533134 0.072098 0.000000
0.139947 0.049353 0.000000
0.239711 0.605862 0.000000
0.232426 0.613947 0.000000
0.221843 0.610115 0.000000
0.158778 0.596850 0.000000
0.311057 0.449283 0.000000
0.136033 0.642850 0.000000
0.097638 0.385044 0.000000
0.107069 0.093499 0.000000
0.426090 0.413632 0.000000
0.730392 0.391602 0.000000
0.776447 0.235667 0.000000
0.283661 0.667778 0.000000
0.263024 0.630120 0.000000
0.248939 0.629003 0.000000
0.232777 0.629299 0.000000
0.220041 0.631667 0.000000
0.213834 0.609021 0.000000
0.201930 0.595136 0.000000
0.186158 0.656584 0.000000
0.360230 0.412214 0.000000
0.759610 0.456691 0.000000
0.730649 0.256405 0.000000
0.786199 0.191512 0.000000
0.485592 0.361053 0.000000
0.274289 0.052608 0.000000
0.292794 0.664310 0.000000
0.245315 0.639053 0.000000
0.230971 0.647506 0.000000
0.298194 0.494680 0.000000
0.194589 0.638679 0.000000
0.081780 0.170638 0.000000
0.716529 0.272826 0.000000
0.805010 0.239792 0.000000
0.269418 0.663660 0.000000
0.259754 0.658058 0.000000
0.242953 0.661446 0.000000
0.234673 0.670158 0.000000
0.221981 0.670159 0.000000
0.211119 0.644034 0.000000
0.203639 0.662877 0.000000
0.194406 0.707381 0.000000
0.115452 0.698891 0.000000
0.071837 0.490510 0.000000
0.391022 0.423780 0.000000
0.726844 0.308172 0.000000
0.733175 0.348380 0.000000
0.757091 0.254889 0.000000
0.756690 0.248297 0.000000
0.622127 0.338291 0.000000
0.547651 0.346457 0.000000
0.748163 0.089049 0.000000
0.450207 0.057608 0.000000
0.346117 0.766414 0.000000
0.256041 0.672658 0.000000
0.245132 0.690749 0.000000
0.229621 0.698480 0.000000
0.211354 0.680074 0.000000
0.190221 0.732246 0.000000
0.338329 0.432734 0.000000
0.076426 0.065651 0.000000
0.759307 0.494313 0.000000
0.789380 0.494809 0.000000
0.744926 0.411438 0.000000
0.740758 0.383126 0.000000
0.737543 0.322194 0.000000
0.732579 0.291042 0.000000
0.760615 0.285226 0.000000
0.585238 0.342720 0.000000
0.509602 0.384707 0.000000
0.632354 0.050572 0.000000
0.473521 0.428381 0.000000
0.279930 0.687079 0.000000
0.288387 0.702382 0.000000
0.248744 0.712362 0.000000
0.239318 0.707712 0.000000
0.223527 0.723003 0.000000
0.213810 0.718992 0.000000
0.283717 0.527493 0.000000
0.162077 0.786066 0.000000
0.342701 0.460606 0.000000
0.093854 0.621124 0.000000
0.057915 0.360815 0.000000
0.403469 0.452897 0.000000
0.447491 0.464231 0.000000
0.757017 0.428393 0.000000
0.744563 0.370794 0.000000
0.750878 0.357695 0.000000
0.752889 0.331772 0.000000
0.742430 0.310088 0.000000
0.609120 0.367928 0.000000
0.805999 0.123224 0.000000
0.281752 0.711437 0.000000
0.269702 0.704141 0.000000
0.262454 0.701085 0.000000
0.232015 0.740005 0.000000
0.366164 0.443109 0.000000
0.777907 0.470299 0.000000
0.652117 0.422573 0.000000
0.753616 0.397582 0.000000
0.758857 0.388379 0.000000
0.764569 0.355547 0.000000
0.759428 0.304215 0.000000
0.741709 0.285952 0.000000
0.781771 0.301207 0.000000
0.821554 0.188206 0.000000
0.543045 0.377063 0.000000
0.766832 0.068843 0.000000
0.492143 0.413498 0.000000
0.290059 0.025353 0.000000
0.288302 0.727424 0.000000
0.268764 0.725046 0.000000
0.264779 0.716665 0.000000
0.242155 0.729452 0.000000
0.210911 0.785083 0.000000
0.771711 0.446463 0.000000
0.775515 0.423565 0.000000
0.796678 0.262050 0.000000
0.478192 0.030277 0.000000
0.280647 0.738280 0.000000
0.329862 0.581753 0.000000
0.221479 0.769916 0.000000
0.327611 0.542093 0.000000
0.188209 0.789769 0.000000
0.375165 0.487204 0.000000
0.784077 0.442825 0.000000
0.775061 0.384340 0.000000
0.776554 0.356585 0.000000
0.770330 0.340214 0.000000
0.781005 0.332505 0.000000
0.777392 0.313366 0.000000
0.788783 0.280724 0.000000
0.805980 0.292430 0.000000
0.831143 0.311310 0.000000
0.874325 0.184222 0.000000
0.576406 0.378208 0.000000
0.489676 0.494463 0.000000
0.276432 0.762386 0.000000
0.261571 0.734573 0.000000
0.247082 0.756547 0.000000
0.231028 0.766999 0.000000
0.332400 0.498884 0.000000
0.045778 0.183722 0.000000
0.793893 0.578223 0.000000
0.798090 0.539389 0.000000
0.791097 0.476621 0.000000
0.805492 0.495756 0.000000
0.799078 0.478462 0.000000
0.790214 0.441651 0.000000
0.805460 0.330288 0.000000
0.826238 0.338783 0.000000
0.532215 0.413638 0.000000
0.269905 0.753663 0.000000
0.266174 0.744214 0.000000
0.370577 0.536934 0.000000
0.238285 0.812672 0.000000
0.712190 0.549855 0.000000
0.807119 0.481080 0.000000
0.791101 0.401039 0.000000
0.784762 0.350877 0.000000
0.792842 0.358297 0.000000
0.801985 0.340816 0.000000
0.862269 0.249474 0.000000
0.772291 0.038249 0.000000
0.369175 0.716241 0.000000
0.284549 0.787116 0.000000
0.274415 0.784062 0.000000
0.264431 0.763692 0.000000
0.259981 0.750397 0.000000
0.241100 0.773126 0.000000
0.028819 0.354350 0.000000
0.073312 0.012856 0.000000
0.742090 0.604080 0.000000
0.797371 0.431631 0.000000
0.803223 0.455370 0.000000
0.812349 0.461080 0.000000
0.797599 0.391386 0.000000
0.614958 0.420777 0.000000
0.838867 0.347888 0.000000
0.852224 0.348661 0.000000
0.855435 0.315947 0.000000
0.844921 0.112941 0.000000
0.866259 0.079682 0.000000
0.520917 0.459487 0.000000
0.260988 0.780277 0.000000
0.241280 0.786599 0.000000
0.232925 0.794399 0.000000
0.205114 0.843500 0.000000
0.174856 0.858338 0.000000
0.136013 0.841944 0.000000
0.078106 0.775477 0.000000
0.033206 0.565674 0.000000
0.419950 0.502198 0.000000
0.018409 0.060798 0.000000
0.816501 0.568104 0.000000
0.828863 0.457655 0.000000
0.817149 0.462428 0.000000
0.802676 0.427290 0.000000
0.808556 0.420368 0.000000
0.803910 0.375697 0.000000
0.824534 0.368313 0.000000
0.572910 0.407757 0.000000
0.373549 0.643552 0.000000
0.263320 0.796251 0.000000
0.256100 0.798410 0.000000
0.245629 0.802483 0.000000
0.264729 0.808882 0.000000
0.101446 0.815016 0.000000
0.057919 0.663240 0.000000
0.041718 0.740400 0.000000
0.465270 0.516846 0.000000
0.821200 0.434049 0.000000
0.819728 0.374445 0.000000
0.842266 0.398341 0.000000
0.594950 0.435166 0.000000
0.885694 0.414441 0.000000
0.903370 0.318600 0.000000
0.908537 0.202238 0.000000
0.545599 0.470723 0.000000
0.395148 0.753676 0.000000
0.137721 0.879792 0.000000
0.654273 0.481585 0.000000
0.840711 0.456650 0.000000
0.830760 0.439126 0.000000
0.819839 0.440037 0.000000
0.820392 0.411218 0.000000
0.835783 0.406142 0.000000
0.850200 0.428525 0.000000
0.898020 0.128101 0.000000
0.229179 0.873619 0.000000
0.067585 0.844058 0.000000
0.404359 0.532523 0.000000
0.000000 0.000000 0.000000
0.491966 0.540132 0.000000
0.783989 0.619098 0.000000
0.858976 0.551652 0.000000
0.585167 0.481342 0.000000
0.286814 0.000000 0.000000
0.375116 0.586864 0.000000
0.299103 0.873810 0.000000
0.008214 0.415975 0.000000
0.012817 0.194726 0.000000
0.812116 0.609202 0.000000
0.626417 0.491067 0.000000
0.891703 0.014007 0.000000
0.451880 0.007339 0.000000
0.521885 0.516608 0.000000
0.309070 0.850075 0.000000
0.221953 0.885412 0.000000
0.099905 0.861608 0.000000
0.448257 0.558788 0.000000
0.005850 0.645056 0.000000
0.000000 0.154128 0.000000
0.760464 0.630523 0.000000
0.885219 0.520066 0.000000
0.897498 0.389937 0.000000
0.919735 0.283873 0.000000
0.926266 0.099498 0.000000
0.913163 0.052091 0.000000
0.701673 0.006796 0.000000
0.520573 0.000000 0.000000
0.415200 0.771417 0.000000
0.394199 0.792866 0.000000
0.398992 0.694766 0.000000
0.336675 0.808726 0.000000
0.412763 0.650635 0.000000
0.140899 0.917877 0.000000
0.785300 0.653230 0.000000
0.668107 0.534424 0.000000
0.925581 0.194644 0.000000
0.273608 0.885760 0.000000
0.191985 0.915619 0.000000
0.417942 0.585851 0.000000
0.000000 0.659735 0.000000
0.765208 0.649566 0.000000
0.847621 0.619881 0.000000
0.917327 0.426460 0.000000
0.554896 0.515025 0.000000
0.440639 0.742270 0.000000
0.426471 0.722466 0.000000
0.441230 0.687160 0.000000
0.393375 0.831696 0.000000
0.424153 0.871792 0.000000
0.311211 0.911523 0.000000
0.102118 0.910955 0.000000
0.010957 0.783236 0.000000
0.527029 0.546925 0.000000
0.493698 0.572367 0.000000
0.723354 0.647006 0.000000
0.814124 0.674145 0.000000
0.681467 0.578250 0.000000
0.922141 0.526996 0.000000
0.938668 0.414697 0.000000
0.942678 0.311644 0.000000
0.946881 0.169785 0.000000
0.971767 0.016304 0.000000
0.438074 0.767277 0.000000
0.407229 0.606593 0.000000
0.300983 0.921432 0.000000
0.607500 0.531492 0.000000
0.562378 0.559345 0.000000
0.435861 0.777708 0.000000
0.458989 0.802436 0.000000
0.444226 0.631588 0.000000
0.427836 0.903822 0.000000
0.280431 0.937968 0.000000
0.083408 0.932703 0.000000
0.047073 0.878184 0.000000
0.457042 0.596900 0.000000
0.745040 0.659613 0.000000
0.710357 0.633822 0.000000
0.698311 0.609902 0.000000
0.769857 0.668531 0.000000
0.860077 0.712113 0.000000
0.897147 0.658148 0.000000
0.906306 0.637642 0.000000
0.945830 0.694764 0.000000
0.466534 0.735151 0.000000
0.460477 0.753409 0.000000
0.445115 0.773591 0.000000
0.442825 0.819426 0.000000
0.363731 0.902694 0.000000
0.374006 0.919135 0.000000
0.222940 0.952747 0.000000
0.000000 0.823107 0.000000
0.539866 0.588843 0.000000
0.496650 0.604868 0.000000
0.728586 0.665470 0.000000
0.755778 0.661483 0.000000
0.636519 0.550358 0.000000
0.962306 0.296279 0.000000
0.858936 0.000000 0.000000
0.462692 0.759409 0.000000
0.454093 0.718089 0.000000
0.151819 0.954122 0.000000
0.727658 0.657904 0.000000
0.712651 0.661180 0.000000
0.918414 0.640091 0.000000
0.958770 0.627687 0.000000
0.958952 0.452615 0.000000
0.478644 0.746599 0.000000
0.461980 0.765948 0.000000
0.470999 0.771527 0.000000
0.460407 0.784645 0.000000
0.545618 0.874238 0.000000
0.519527 0.899014 0.000000
0.017255 0.893722 0.000000
0.696418 0.652947 0.000000
0.756492 0.675291 0.000000
0.676046 0.642806 0.000000
0.797176 0.693487 0.000000
0.660209 0.610380 0.000000
0.905630 0.744451 0.000000
0.965299 0.135437 0.000000
0.982208 0.111062 0.000000
0.486546 0.751313 0.000000
0.471926 0.761232 0.000000
0.479034 0.776427 0.000000
0.460764 0.779166 0.000000
0.380081 0.981551 0.000000
0.712978 0.672098 0.000000
0.737711 0.669424 0.000000
0.744599 0.677368 0.000000
0.765430 0.686605 0.000000
0.817486 0.716226 0.000000
0.645560 0.583044 0.000000
0.889753 0.735191 0.000000
0.937660 0.798952 0.000000
0.976213 0.480434 0.000000
0.508368 0.730678 0.000000
0.506297 0.741617 0.000000
0.496289 0.725686 0.000000
0.503603 0.750149 0.000000
0.489771 0.756237 0.000000
0.482268 0.786261 0.000000
0.474862 0.665998 0.000000
0.408944 0.940415 0.000000
0.148149 0.978363 0.000000
0.051783 0.955651 0.000000
0.702544 0.683538 0.000000
0.692699 0.674093 0.000000
0.686426 0.664803 0.000000
0.723031 0.676491 0.000000
0.752084 0.685398 0.000000
0.922937 0.754959 0.000000
1.000000 0.000000 0.000000
0.519245 0.751415 0.000000
0.525425 0.757492 0.000000
0.489439 0.769890 0.000000
0.512095 0.785266 0.000000
0.486085 0.708685 0.000000
0.515389 0.817448 0.000000
0.000000 1.000000 0.000000
0.525499 0.626750 0.000000
0.712638 0.686320 0.000000
0.656556 0.671884 0.000000
0.784746 0.725511 0.000000
0.842142 0.740075 0.000000
0.872001 0.762366 0.000000
0.975140 0.615472 0.000000
0.994184 0.365965 0.000000
0.536481 0.726818 0.000000
0.540972 0.744982 0.000000
0.523733 0.741905 0.000000
0.534377 0.755130 0.000000
0.518818 0.770527 0.000000
0.493147 0.772527 0.000000
0.489345 0.639080 0.000000
0.501303 0.920553 0.000000
0.595173 0.945915 0.000000
0.385271 0.948132 0.000000
0.261237 0.981278 0.000000
0.061703 1.000000 0.000000
0.674046 0.702147 0.000000
0.702941 0.684617 0.000000
0.706395 0.698734 0.000000
0.667032 0.674115 0.000000
0.735268 0.686189 0.000000
0.619579 0.656909 0.000000
0.754590 0.697843 0.000000
0.739789 0.688913 0.000000
0.606504 0.570973 0.000000
1.000000 0.283446 0.000000
1.000000 0.124162 0.000000
0.576120 0.620248 0.000000
0.581765 0.589929 0.000000
0.558467 0.725768 0.000000
0.555496 0.737399 0.000000
0.540843 0.717522 0.000000
0.557261 0.745503 0.000000
0.537820 0.761179 0.000000
0.537320 0.783315 0.000000
0.589837 0.853996 0.000000
0.738815 0.966004 0.000000
0.645094 0.689794 0.000000
0.682964 0.693272 0.000000
0.734091 0.704831 0.000000
0.704299 0.704151 0.000000
0.614460 0.604685 0.000000
0.830903 0.762614 0.000000
0.925192 0.875278 0.000000
0.968455 0.815343 0.000000
0.992360 0.637841 0.000000
0.578021 0.733115 0.000000
0.559209 0.766925 0.000000
0.650873 0.894001 0.000000
0.591510 0.920375 0.000000
0.588193 0.970624 0.000000
0.395965 1.000000 0.000000
0.637525 0.703291 0.000000
0.619924 0.709768 0.000000
0.656974 0.706735 0.000000
0.695568 0.700366 0.000000
0.711054 0.708964 0.000000
0.830379 0.791541 0.000000
0.893247 0.815253 0.000000
0.907711 0.835525 0.000000
0.569576 0.744651 0.000000
0.534536 0.706292 0.000000
0.520466 0.689343 0.000000
0.568437 0.751575 0.000000
0.555891 0.787634 0.000000
0.547265 0.652096 0.000000
0.632293 0.691666 0.000000
0.682314 0.707649 0.000000
0.766130 0.738192 0.000000
0.800122 0.764422 0.000000
0.940336 0.880199 0.000000
0.575592 0.767603 0.000000
0.507690 0.660320 0.000000
0.586797 0.817886 0.000000
0.635086 0.865926 0.000000
0.638395 0.713856 0.000000
0.676636 0.716311 0.000000
0.605194 0.696582 0.000000
0.628649 0.631047 0.000000
0.735413 0.741029 0.000000
0.866731 0.815875 0.000000
0.984346 0.819211 0.000000
1.000000 0.520844 0.000000
0.592289 0.722137 0.000000
0.594267 0.731737 0.000000
0.586124 0.745361 0.000000
0.681328 0.877771 0.000000
0.704095 0.921545 0.000000
0.694014 0.733557 0.000000
0.951586 0.881892 0.000000
0.576586 0.795431 0.000000
0.617116 0.721826 0.000000
0.631148 0.726081 0.000000
0.621400 0.741467 0.000000
0.592612 0.781866 0.000000
0.662782 0.852029 0.000000
0.663183 0.860221 0.000000
0.668570 0.865683 0.000000
0.684699 0.910009 0.000000
0.801408 0.944324 0.000000
0.798867 0.986506 0.000000
0.566256 1.000000 0.000000
0.813560 0.791349 0.000000
0.621481 0.756476 0.000000
0.568509 0.682251 0.000000
0.592863 0.803040 0.000000
0.822398 0.954724 0.000000
0.822626 0.808659 0.000000
0.973766 0.925949 0.000000
1.000000 0.756102 0.000000
0.657935 0.820896 0.000000
0.706628 0.822115 0.000000
0.900653 0.956891 0.000000
0.666513 0.745070 0.000000
0.753744 0.751697 0.000000
0.875615 0.871223 0.000000
0.607128 0.819257 0.000000
0.690943 0.842897 0.000000
0.809755 0.912520 0.000000
0.764750 0.763757 0.000000
0.814402 0.797266 0.000000
0.833998 0.832802 0.000000
0.873433 0.844254 0.000000
0.896192 0.884140 0.000000
0.906854 0.917506 0.000000
0.926279 0.928004 0.000000
0.939005 0.943660 0.000000
0.953637 0.972503 0.000000
0.626595 0.812514 0.000000
0.616492 0.808901 0.000000
0.699035 0.848049 0.000000
0.746774 0.892224 0.000000
0.899233 0.941863 0.000000
0.651552 0.759373 0.000000
0.745042 0.761992 0.000000
0.751685 0.791834 0.000000
0.789928 0.809440 0.000000
0.796694 0.818734 0.000000
0.702034 0.802917 0.000000
0.665751 0.810964 0.000000
0.733229 0.841793 0.000000
0.704803 0.855072 0.000000
0.741921 0.867101 0.000000
0.760618 0.772161 0.000000
0.770115 0.806977 0.000000
0.850956 0.864187 0.000000
0.921189 0.969748 0.000000
0.643134 0.776142 0.000000
0.644502 0.800241 0.000000
0.728741 0.825643 0.000000
0.721830 0.840308 0.000000
0.678085 1.000000 0.000000
0.674525 0.763423 0.000000
0.707705 0.764776 0.000000
0.751587 0.767266 0.000000
0.739874 0.782572 0.000000
0.737302 0.802902 0.000000
0.713082 0.795161 0.000000
0.775481 0.816792 0.000000
0.793166 0.830059 0.000000
0.676915 0.795814 0.000000
0.726384 0.850758 0.000000
0.867873 0.929069 0.000000
0.883010 1.000000 0.000000
0.794097 1.000000 0.000000
0.733931 0.780759 0.000000
0.715317 0.773020 0.000000
0.804243 0.841724 0.000000
1.000000 1.000000 0.000000
1.000000 0.894690 0.000000
0.748030 0.820246 0.000000
0.747263 0.831344 0.000000
0.746489 0.847749 0.000000
0.768727 0.854398 0.000000
0.777760 0.901911 0.000000
0.670132 0.776590 0.000000
0.689738 0.776604 0.000000
0.781627 0.824901 0.000000
0.766463 0.838684 0.000000
0.654960 0.785864 0.000000
0.695668 0.787302 0.000000
0.679113 0.786697 0.000000
0.866153 0.894839 0.000000
0.789382 0.883759 0.000000
0.856611 0.880311 0.000000
0.822758 0.894319 0.000000
0.822988 0.873288 0.000000
3 2 0 3
3 1 0 4
3 0 1 5
3 2 3 6
3 0 2 4
3 3 0 9
3 2 6 7
3 4 10 8
3 12 1 8
3 4 8 1
3 1 12 5
3 10 14 8
3 9 0 15
3 18 10 7
3 20 14 10
3 11 5 12
3 0 5 15
3 21 9 15
3 21 19 9
3 6 16 13
3 3 9 17
3 10 18 20
3 23 12 8
3 6 13 7
3 7 24 18
3 12 22 11
3 12 23 22
3 7 13 24
3 18 25 20
3 8 14 23
3 29 21 15
3 19 34 33
3 13 16 28
3 33 17 19
3 11 36 26
3 36 11 22
3 19 21 34
3 30 14 32
3 33 34 39
3 24 13 40
3 11 35 27
3 22 23 37
3 21 29 38
3 21 38 34
3 32 43 30
3 13 28 31
3 18 24 25
3 33 16 17
3 11 26 35
3 15 27 29
3 23 42 37
3 20 45 32
3 32 47 43
3 48 39 34
3 24 40 44
3 24 44 25
3 32 45 47
3 41 35 26
3 35 41 51
3 35 51 27
3 22 37 36
3 40 31 49
3 26 54 41
3 29 52 38
3 58 28 16
3 52 29 27
3 34 38 48
3 60 48 38
3 40 49 56
3 40 56 44
3 25 44 57
3 16 46 58
3 42 59 37
3 50 65 64
3 64 49 50
3 31 28 50
3 25 57 45
3 39 53 46
3 55 26 36
3 30 43 63
3 44 56 66
3 44 66 57
3 71 58 46
3 67 46 53
3 75 55 68
3 30 63 59
3 70 28 58
3 71 46 67
3 62 54 73
3 62 74 41
3 55 37 68
3 37 69 68
3 49 81 56
3 83 45 57
3 47 45 83
3 84 62 73
3 51 74 80
3 49 64 81
3 65 50 78
3 56 82 66
3 28 70 78
3 91 58 71
3 47 83 72
3 79 73 54
3 51 80 85
3 93 68 69
3 59 86 69
3 94 60 52
3 60 87 48
3 64 97 90
3 56 81 82
3 70 58 91
3 57 99 83
3 53 92 67
3 52 85 94
3 103 87 60
3 61 95 77
3 64 89 97
3 106 97 89
3 108 107 89
3 57 66 99
3 67 100 112
3 113 77 105
3 86 59 63
3 87 103 104
3 61 87 95
3 96 88 76
3 97 106 118
3 89 107 106
3 119 106 107
3 107 108 120
3 89 122 108
3 121 108 122
3 65 98 123
3 65 123 89
3 110 66 82
3 66 110 99
3 53 77 92
3 76 72 114
3 79 75 102
3 75 68 102
3 86 93 69
3 129 63 88
3 87 104 95
3 130 77 95
3 77 130 105
3 106 119 118
3 133 120 121
3 120 108 121
3 89 123 122
3 78 109 124
3 91 71 112
3 113 92 77
3 62 84 137
3 85 80 128
3 118 119 139
3 90 97 131
3 120 133 132
3 133 142 141
3 133 121 143
3 133 143 142
3 123 144 122
3 82 81 134
3 98 124 135
3 149 72 125
3 151 150 84
3 153 74 127
3 116 138 80
3 93 86 155
3 63 129 86
3 88 96 129
3 157 95 104
3 119 140 139
3 132 133 140
3 140 141 159
3 142 143 161
3 122 144 121
3 123 145 144
3 162 144 145
3 135 146 145
3 84 115 151
3 169 151 115
3 84 150 137
3 137 150 171
3 137 171 127
3 127 172 152
3 73 79 101
3 79 102 154
3 127 152 153
3 129 96 174
3 177 139 140
3 139 177 117
3 178 117 177
3 140 133 141
3 179 159 160
3 142 161 180
3 142 180 160
3 144 143 121
3 161 143 181
3 162 145 182
3 124 109 163
3 147 111 91
3 110 185 164
3 91 112 186
3 187 148 100
3 92 113 136
3 114 149 188
3 115 126 168
3 115 168 169
3 190 169 168
3 151 169 191
3 151 191 170
3 102 68 93
3 102 93 173
3 102 173 154
3 93 155 173
3 103 94 196
3 175 157 104
3 114 189 176
3 177 197 178
3 177 140 197
3 198 197 140
3 140 159 199
3 161 181 200
3 161 200 180
3 162 182 181
3 145 146 182
3 164 201 125
3 100 136 187
3 114 188 189
3 126 202 190
3 168 126 190
3 170 191 192
3 205 192 191
3 170 192 193
3 206 193 192
3 207 194 193
3 127 171 208
3 127 208 172
3 154 173 195
3 80 138 128
3 104 103 156
3 105 130 214
3 178 131 117
3 140 199 198
3 215 178 197
3 197 198 216
3 159 179 199
3 217 199 179
3 218 180 200
3 219 146 163
3 109 111 184
3 201 164 185
3 113 165 136
3 221 204 220
3 191 204 205
3 192 205 206
3 172 208 207
3 116 153 222
3 94 128 210
3 86 211 155
3 86 174 211
3 96 213 174
3 157 223 130
3 96 176 213
3 219 226 182
3 225 227 183
3 227 134 183
3 228 219 163
3 109 184 228
3 109 228 163
3 188 201 229
3 149 201 188
3 204 221 205
3 220 230 221
3 193 206 233
3 234 207 193
3 172 207 235
3 172 235 209
3 154 195 101
3 209 236 152
3 153 237 222
3 238 222 237
3 116 222 138
3 128 138 210
3 175 223 157
3 131 178 215
3 197 224 215
3 179 243 217
3 245 181 182
3 134 227 246
3 110 134 246
3 110 246 185
3 229 201 185
3 112 148 186
3 203 248 166
3 252 250 251
3 202 167 250
3 251 250 167
3 231 205 221
3 221 230 253
3 206 232 233
3 193 233 234
3 207 234 235
3 254 255 236
3 255 237 236
3 237 153 236
3 153 152 236
3 222 238 138
3 103 196 156
3 240 155 211
3 130 223 214
3 189 241 176
3 215 224 242
3 217 243 216
3 257 242 224
3 218 200 244
3 260 219 228
3 136 165 247
3 261 248 203
3 166 248 249
3 167 166 249
3 202 250 220
3 252 230 250
3 221 253 231
3 263 232 231
3 234 265 235
3 234 264 265
3 266 209 235
3 236 209 254
3 210 267 239
3 175 212 268
3 215 158 131
3 216 243 258
3 257 224 258
3 242 257 271
3 272 271 257
3 243 273 258
3 275 187 247
3 251 262 252
3 231 253 263
3 262 280 279
3 262 279 278
3 232 263 265
3 232 265 264
3 101 195 203
3 235 265 266
3 209 266 254
3 282 203 195
3 211 174 256
3 213 256 174
3 288 213 176
3 242 271 270
3 257 258 272
3 273 272 258
3 271 272 289
3 290 274 245
3 226 291 245
3 246 227 259
3 246 259 229
3 186 148 295
3 297 188 229
3 165 276 298
3 253 278 263
3 263 281 265
3 278 279 302
3 303 304 281
3 265 281 304
3 265 304 266
3 254 305 255
3 237 255 283
3 237 283 238
3 195 240 282
3 240 211 306
3 211 256 306
3 213 288 256
3 288 176 241
3 158 269 90
3 271 289 308
3 271 308 270
3 274 308 289
3 291 290 245
3 310 291 260
3 312 147 186
3 313 295 148
3 148 187 313
3 296 187 275
3 262 301 280
3 278 302 263
3 303 316 304
3 304 317 266
3 254 266 305
3 318 283 255
3 320 285 284
3 138 285 267
3 196 239 286
3 290 291 310
3 290 310 309
3 260 311 310
3 147 312 294
3 186 295 312
3 203 326 261
3 300 327 328
3 316 303 329
3 316 330 304
3 330 317 304
3 255 305 318
3 331 318 305
3 318 332 283
3 282 240 306
3 239 267 321
3 286 239 322
3 310 311 309
3 311 308 309
3 228 292 260
3 336 229 259
3 315 189 297
3 327 300 251
3 300 328 316
3 330 316 328
3 327 331 328
3 305 317 331
3 318 331 332
3 223 175 268
3 308 311 270
3 184 293 292
3 294 325 293
3 312 325 294
3 229 336 297
3 296 275 345
3 275 247 346
3 247 298 346
3 276 342 337
3 315 338 241
3 347 299 248
3 300 316 329
3 328 331 317
3 328 317 330
3 332 331 327
3 203 282 326
3 306 256 341
3 214 223 350
3 214 350 342
3 351 288 241
3 352 311 260
3 260 292 344
3 354 325 312
3 354 312 295
3 345 356 296
3 275 346 345
3 276 337 298
3 340 332 327
3 282 348 326
3 359 320 332
3 285 360 321
3 239 321 361
3 348 282 319
3 365 342 350
3 367 324 158
3 368 307 269
3 227 343 259
3 354 371 325
3 313 335 295
3 297 336 355
3 346 298 357
3 298 337 357
3 277 358 339
3 248 339 347
3 373 261 326
3 374 333 322
3 287 362 363
3 223 364 350
3 365 350 364
3 370 307 368
3 260 344 352
3 334 375 292
3 376 293 325
3 295 335 354
3 339 358 372
3 319 341 348
3 287 333 362
3 436 365 364
3 383 324 366
3 324 384 368
3 367 158 369
3 352 386 369
3 344 292 375
3 375 334 388
3 354 335 389
3 354 389 371
3 345 378 356
3 345 346 357
3 315 355 338
3 241 338 351
3 393 379 358
3 395 261 373
3 347 380 299
3 299 380 340
3 320 396 360
3 321 381 397
3 362 333 399
3 351 382 288
3 351 391 382
3 368 384 385
3 368 385 370
3 369 386 367
3 259 343 377
3 352 387 386
3 353 388 334
3 353 403 388
3 293 376 353
3 325 371 376
3 259 377 336
3 355 336 377
3 378 345 357
3 338 391 351
3 358 379 372
3 332 340 359
3 397 361 321
3 341 404 348
3 362 400 363
3 382 341 323
3 436 364 349
3 391 405 382
3 324 383 384
3 370 408 402
3 343 402 377
3 410 353 376
3 355 392 338
3 338 392 391
3 379 393 414
3 393 277 415
3 379 417 372
3 326 348 373
3 359 420 320
3 419 420 359
3 322 361 398
3 333 374 399
3 323 288 382
3 344 426 409
3 426 344 375
3 427 375 388
3 371 428 376
3 335 411 389
3 355 377 413
3 379 414 433
3 395 277 261
3 398 361 397
3 341 382 404
3 382 405 404
3 349 400 436
3 383 438 384
3 408 377 402
3 375 427 426
3 439 428 371
3 439 371 389
3 335 412 411
3 335 314 412
3 392 430 391
3 417 379 433
3 277 416 415
3 394 380 347
3 380 394 418
3 396 421 381
3 444 398 397
3 399 374 435
3 436 400 490
3 401 437 423
3 447 446 424
3 446 437 424
3 437 401 424
3 384 438 385
3 448 424 406
3 448 406 407
3 406 366 407
3 367 386 425
3 450 387 409
3 392 413 431
3 392 431 430
3 433 414 432
3 393 440 414
3 432 414 440
3 393 452 441
3 372 417 455
3 277 395 416
3 348 434 373
3 320 442 396
3 397 443 444
3 398 444 435
3 423 445 422
3 423 437 445
3 460 445 437
3 424 448 463
3 424 463 447
3 386 387 425
3 353 410 403
3 410 428 464
3 411 439 389
3 390 429 451
3 432 441 465
3 433 432 466
3 468 417 453
3 372 455 394
3 395 470 456
3 419 380 471
3 419 457 420
3 396 442 472
3 396 472 421
3 362 399 458
3 400 458 459
3 400 459 490
3 475 474 445
3 478 477 461
3 437 446 461
3 447 461 446
3 447 463 462
3 479 462 463
3 448 479 463
3 407 479 448
3 413 377 408
3 465 441 485
3 465 485 484
3 432 465 487
3 432 487 466
3 454 452 415
3 433 466 467
3 453 467 488
3 453 488 468
3 434 395 373
3 471 380 418
3 419 471 457
3 420 457 489
3 420 489 442
3 489 472 442
3 473 435 444
3 445 460 475
3 477 475 460
3 461 447 493
3 461 493 478
3 494 462 479
3 383 422 438
3 495 438 422
3 425 496 407
3 408 370 385
3 425 387 449
3 450 449 387
3 451 497 483
3 497 451 429
3 498 430 431
3 441 486 485
3 465 484 487
3 499 487 484
3 500 486 452
3 452 486 441
3 466 487 467
3 395 434 470
3 504 473 444
3 506 474 475
3 478 493 492
3 510 492 493
3 462 494 511
3 438 495 385
3 408 385 480
3 425 449 496
3 408 512 413
3 513 409 426
3 427 388 481
3 388 403 481
3 403 410 515
3 486 500 521
3 486 521 485
3 487 499 522
3 487 522 467
3 452 454 500
3 488 467 525
3 488 525 524
3 488 524 468
3 394 469 418
3 469 502 418
3 444 443 504
3 399 435 458
3 458 527 459
3 528 490 459
3 506 532 531
3 474 506 533
3 474 533 476
3 534 507 509
3 492 510 509
3 535 509 510
3 493 511 510
3 536 510 511
3 410 464 515
3 439 482 516
3 439 411 482
3 484 540 519
3 523 500 454
3 525 467 522
3 542 541 525
3 524 525 541
3 434 404 526
3 443 546 504
3 527 458 435
3 530 430 529
3 531 532 548
3 532 507 534
3 422 476 495
3 480 385 495
3 509 535 549
3 509 549 534
3 510 536 549
3 510 549 535
3 511 494 536
3 464 428 516
3 483 497 517
3 430 498 529
3 485 521 539
3 519 540 557
3 519 557 520
3 468 524 501
3 434 526 470
3 544 502 469
3 471 503 560
3 505 473 547
3 584 505 547
3 435 505 527
3 405 530 526
3 405 526 404
3 532 534 562
3 565 534 549
3 566 549 536
3 566 536 494
3 494 479 566
3 409 551 450
3 409 513 551
3 512 431 413
3 431 512 498
3 498 567 529
3 539 568 555
3 518 554 556
3 518 556 569
3 540 518 557
3 520 557 542
3 541 570 524
3 524 570 501
3 469 571 544
3 561 457 560
3 489 561 545
3 545 472 489
3 421 472 572
3 473 504 547
3 530 543 526
3 534 565 562
3 549 566 573
3 575 496 537
3 556 554 577
3 558 542 569
3 578 581 558
3 470 543 456
3 503 559 582
3 504 583 547
3 533 585 579
3 579 563 533
3 562 565 587
3 562 587 548
3 565 549 573
3 480 574 512
3 516 553 464
3 558 569 578
3 590 581 578
3 544 559 502
3 503 582 560
3 545 572 472
3 421 572 591
3 579 585 555
3 548 586 585
3 548 587 586
3 574 480 495
3 592 566 496
3 566 479 496
3 577 594 578
3 578 594 590
3 455 501 469
3 584 547 611
3 585 586 593
3 585 593 555
3 566 592 573
3 496 575 592
3 599 598 576
3 600 450 551
3 514 601 589
3 553 603 464
3 577 593 594
3 571 469 501
3 586 595 593
3 594 593 595
3 586 587 605
3 586 605 595
3 563 579 606
3 587 573 596
3 573 592 596
3 592 575 607
3 576 598 597
3 606 579 523
3 501 570 571
3 544 604 559
3 580 543 529
3 564 567 574
3 596 592 607
3 537 576 597
3 601 514 608
3 514 538 608
3 614 608 538
3 603 602 552
3 570 581 616
3 560 617 561
3 537 597 613
3 619 613 597
3 589 600 551
3 606 523 567
3 604 622 559
3 572 545 627
3 628 610 591
3 546 610 583
3 575 618 607
3 597 632 619
3 597 598 632
3 633 588 550
3 608 634 601
3 594 635 615
3 590 615 581
3 581 615 636
3 581 636 616
3 616 621 570
3 604 638 622
3 559 622 609
3 609 623 559
3 560 624 617
3 617 625 561
3 625 545 561
3 595 635 594
3 607 605 596
3 605 607 631
3 607 618 631
3 618 612 630
3 641 630 612
3 599 588 643
3 608 614 634
3 616 636 621
3 622 638 639
3 647 582 623
3 647 624 582
3 545 626 627
3 628 627 614
3 630 641 650
3 630 650 631
3 651 613 619
3 632 643 642
3 602 648 614
3 615 635 654
3 621 636 656
3 621 656 645
3 637 645 657
3 659 658 637
3 627 626 634
3 634 614 627
3 628 614 648
3 610 629 670
3 641 662 650
3 619 652 651
3 642 643 663
3 602 665 648
3 603 653 602
3 615 654 655
3 668 636 655
3 637 657 659
3 624 647 617
3 629 648 665
3 629 665 670
3 610 670 671
3 640 613 658
3 640 658 659
3 641 640 662
3 674 642 663
3 676 633 600
3 601 634 664
3 635 677 654
3 678 655 654
3 667 656 668
3 656 636 668
3 672 646 658
3 679 680 661
3 680 669 661
3 623 669 647
3 677 635 649
3 640 659 682
3 640 682 662
3 683 681 662
3 646 672 660
3 680 673 642
3 600 589 676
3 684 620 664
3 634 626 664
3 654 677 678
3 655 678 668
3 682 667 668
3 639 679 661
3 617 684 625
3 545 625 626
3 684 626 625
3 649 681 677
3 649 631 681
3 657 667 659
3 667 682 659
3 662 682 683
3 672 673 660
3 679 660 673
3 669 680 675
3 685 675 644
3 676 685 633
3 620 676 589
3 664 626 684
3 668 678 682
3 647 686 617
3 684 617 686
3 682 678 683
3 673 680 679
3 633 685 644
3 676 620 687
3 669 675 688
3 681 683 677
3 683 678 677
3 675 685 688
3 685 676 687
3 620 684 687
3 686 647 688
3 669 688 647
3 527 528 459
3 428 410 376
3 360 285 320
3 601 664 620
3 427 481 514
3 538 514 481
3 98 135 123
3 145 123 135
3 95 157 130
3 630 631 618
3 642 673 652
3 663 644 674
3 567 523 529
3 96 76 114
3 615 655 636
3 473 505 435
3 273 244 272
3 289 272 244
3 150 170 171
3 189 315 241
3 179 218 243
3 471 560 457
3 198 199 216
3 217 216 199
3 164 125 99
3 550 600 633
3 125 72 83
3 319 306 341
3 86 129 174
3 591 610 546
3 54 26 75
3 55 75 26
3 456 543 580
3 240 173 155
3 142 160 141
3 159 141 160
3 305 266 317
3 151 170 150
3 602 614 538
3 149 114 72
3 686 688 687
3 685 687 688
3 286 156 196
3 320 420 442
3 30 59 42
3 9 19 17
3 661 669 623
3 561 489 457
3 74 51 41
3 146 219 182
3 573 587 565
3 171 194 208
3 207 208 194
3 13 31 40
3 369 311 352
3 482 553 516
3 633 644 588
3 392 355 413
3 408 480 512
3 393 441 440
3 432 440 441
3 52 60 38
3 590 594 615
3 62 41 54
3 523 579 500
3 622 639 609
3 642 674 680
3 686 687 684
3 284 332 320
3 546 583 504
3 32 14 20
3 390 296 356
3 49 31 50
3 599 643 598
3 632 598 643
3 559 623 582
3 315 297 355
3 165 298 247
3 182 226 245
3 139 117 118
3 393 415 452
3 321 267 285
3 59 69 37
3 91 186 147
3 232 264 233
3 234 233 264
3 495 564 574
3 453 417 433
3 187 136 247
3 210 138 267
3 563 606 564
3 567 564 606
3 656 667 645
3 657 645 667
3 481 403 515
3 299 249 248
3 99 110 164
3 602 538 552
3 467 453 433
3 555 568 579
3 128 94 85
3 61 48 87
3 496 479 407
3 335 313 314
3 579 568 500
3 230 220 250
3 62 137 74
3 127 74 137
3 134 81 183
3 523 580 529
3 202 126 167
3 83 99 125
3 209 152 172
3 559 503 502
3 476 533 563
3 475 508 506
3 125 201 149
3 391 430 405
3 518 539 554
3 555 554 539
3 226 219 291
3 260 291 219
3 547 583 611
3 114 176 96
3 329 303 280
3 405 430 530
3 140 119 132
3 229 185 246
3 527 505 584
3 77 53 61
3 167 126 166
3 171 170 194
3 193 194 170
3 324 367 366
3 612 618 537
3 268 287 363
3 537 613 612
3 475 477 508
3 491 508 477
3 67 112 71
3 517 553 482
3 300 329 301
3 280 301 329
3 361 322 239
3 624 560 582
3 619 632 652
3 642 652 632
3 67 92 100
3 47 76 43
3 400 362 458
3 484 485 540
3 499 520 522
3 119 107 132
3 120 132 107
3 411 412 483
3 451 483 412
3 324 368 269
3 54 75 79
3 78 70 109
3 189 188 297
3 390 314 296
3 98 78 124
3 530 529 543
3 183 90 225
3 526 543 470
3 428 439 516
3 148 112 100
3 173 240 195
3 101 79 154
3 20 25 45
3 15 5 27
3 506 508 532
3 507 532 508
3 621 645 571
3 637 571 645
3 55 36 37
3 416 395 456
3 558 581 541
3 570 541 581
3 184 292 228
3 50 28 78
3 156 286 212
3 63 43 88
3 76 88 43
3 227 225 343
3 307 343 225
3 496 449 537
3 65 78 98
3 492 509 491
3 94 103 60
3 286 322 333
3 605 631 649
3 639 638 679
3 660 679 638
3 144 162 143
3 181 143 162
3 347 339 394
3 372 394 339
3 287 286 333
3 358 277 393
3 72 76 47
3 422 445 476
3 474 476 445
3 65 89 64
3 651 672 613
3 658 613 672
3 434 348 404
3 562 548 532
3 134 110 82
3 5 11 27
3 508 491 507
3 509 507 491
3 230 252 253
3 290 309 274
3 308 274 309
3 604 646 638
3 660 638 646
3 136 100 92
3 469 394 455
3 306 319 282
3 587 596 605
3 558 541 542
3 602 653 665
3 666 665 653
3 276 105 342
3 158 90 131
3 23 14 42
3 30 42 14
3 292 293 334
3 353 334 293
3 417 468 455
3 501 455 468
3 94 210 196
3 239 196 210
3 411 483 482
3 517 482 483
3 426 427 513
3 514 513 427
3 206 205 232
3 231 232 205
3 281 263 303
3 302 303 263
3 243 218 273
3 244 273 218
3 462 511 447
3 493 447 511
3 105 214 342
3 548 585 531
3 610 628 629
3 648 629 628
3 203 166 101
3 158 270 369
3 311 369 270
3 456 580 454
3 523 454 580
3 620 589 601
3 512 574 498
3 567 498 574
3 556 577 569
3 578 569 577
3 401 366 424
3 406 424 366
3 378 429 356
3 390 356 429
3 537 449 576
3 550 576 449
3 293 184 294
3 324 269 158
3 651 652 672
3 673 672 652
3 74 153 80
3 116 80 153
3 515 552 481
3 538 481 552
3 575 537 618
3 513 514 551
3 589 551 514
3 97 118 131
3 117 131 118
3 520 542 522
3 525 522 542
3 495 476 564
3 563 564 476
3 253 252 278
3 262 278 252
3 181 245 200
3 124 163 135
3 146 135 163
3 307 370 343
3 402 343 370
3 216 258 197
3 224 197 258
3 48 61 39
3 53 39 61
3 296 314 187
3 313 187 314
3 570 621 571
3 397 381 443
3 421 443 381
3 344 409 352
3 387 352 409
3 555 593 554
3 577 554 593
3 643 588 663
3 644 663 588
3 359 340 419
3 380 419 340
3 179 160 218
3 180 218 160
3 450 600 449
3 550 449 600
3 423 422 401
3 421 591 443
3 546 443 591
3 81 64 183
3 90 183 64
3 609 639 623
3 661 623 639
3 464 603 515
3 552 515 603
3 612 613 641
3 640 641 613
3 158 215 270
3 242 270 215
3 631 650 681
3 662 681 650
3 484 519 499
3 583 610 611
3 671 611 610
3 251 300 262
3 301 262 300
3 500 568 521
3 539 521 568
3 519 520 499
3 418 502 471
3 503 471 502
3 460 437 477
3 461 477 437
3 70 91 109
3 111 109 91
3 288 323 256
3 341 256 323
3 605 649 595
3 635 595 649
3 485 539 540
3 518 540 539
3 156 212 104
3 175 104 212
3 105 276 113
3 165 113 276
3 571 646 544
3 604 544 646
3 367 425 366
3 407 366 425
3 90 269 225
3 307 225 269
3 238 283 284
3 332 284 283
3 169 190 191
3 204 191 190
3 190 202 204
3 220 204 202
3 279 280 302
3 303 302 280
3 390 451 314
3 412 314 451
3 84 73 115
3 101 115 73
3 251 299 327
3 340 327 299
3 4 2 10
3 7 10 2
3 147 294 111
3 184 111 294
3 212 286 268
3 287 268 286
3 572 627 591
3 628 591 627
3 360 396 321
3 381 321 396
3 51 85 27
3 52 27 85
3 416 456 415
3 454 415 456
3 637 658 571
3 646 571 658
3 531 585 506
3 533 506 585
3 115 101 126
3 166 126 101
3 477 478 491
3 492 491 478
3 249 299 167
3 251 167 299
3 576 550 599
3 588 599 550
3 244 200 289
3 674 644 680
3 675 680 644
3 200 245 289
3 274 289 245
3 248 261 339
3 277 339 261
3 374 322 435
3 398 435 322
3 3 17 6
3 16 6 17
3 238 284 138
3 285 138 284
3 349 268 400
3 363 400 268
3 383 366 422
3 401 422 366
3 268 349 223
3 364 223 349
3 557 518 542
3 569 542 518
3 33 39 16
3 46 16 39
