370
1 9.152 -14.5753 236.2
2 30.9 -66.9 223
3 51.1 -43.2 221
4 58 -17.6 223
5 40.5 8.12 225
6 31.75 33.06 226
7 23 58 227
8 -21.6 35.2 220
9 -27 9.55 220
10 -23.8 -41.2 220
11 -17.3 -66.3 217
12 10.8 -78.2 223
13 -8.51 -90.5 203
14 50.5 -17.5 198
15 -7.73 60.6 205
16 -27 9.55 212
17 -28.7 -16.3 207
18 -23.8 -41.2 212
19 -11.3 -179 178
20 10.3 -90.5 180
21 30 -66.8 180
22 43.8 -42.4 180
23 51.7 -17.2 183
24 34.4 8.4 184
25 18.8 35.2 185
26 10.5 61.7 186
27 -9.53 84.8 186
28 -8.44 110 184
29 -10.6 137 178
30 -6.96 164 177
31 -53.5 59.6 171
32 -44.5 35.2 176
33 -36.3 -15.6 176
34 -42.2 -65.5 176
35 -23.3 -113 186
36 -18.3 -135 183
37 -16.6 -156 179
38 -0.674 -211 155
39 22.8 -154 158
40 34.1 -132 155
41 37.1 -110 155
42 39.7 -88.4 154
43 49.5 -65.9 151
44 53.5 -42.2 150
45 62.8 -16.8 156
46 55.5 8.22 155
47 33.5 35.6 154
48 44.6 61.7 154
49 49.8 87.3 154
50 55.5 108 154
51 44.9 132 158
52 5.73 200 154
53 -70.2 144 154
54 -59.4 84.5 154
55 -74.8 35.6 154
56 -65.1 -15.2 154
57 -66.1 -66.2 154
58 -68.4 -115 155
59 -56.6 -158 156
60 42.02 -218.9 141
61 49.8 -110 132
62 71.6 -65.4 130
63 76.1 -41.8 129
64 74.4 -17 131
65 79.9 9.08 131
66 70.2 36.1 131
67 63.7 62.2 132
68 62.1 86.7 132
69 60.8 108 133
70 54.7 183 141
71 -40.1 194 138
72 -70.6 116 137
73 -78.5 58.8 132
74 -82.7 10.2 131
75 -79.2 -40.6 131
76 -78.4 -91.1 132
77 -70.7 -138 139
78 -41.58 -218.9 141
79 38.7 -162 113
80 43.5 -132 107
81 69.8 -87.3 106
82 82 -65.2 106
83 85.5 -41.8 107
84 87.4 -16.9 106
85 89.8 8.22 106
86 86.8 37.6 106
87 81.9 62.1 106
88 72.4 88.2 106
89 67.1 108 106
90 60.9 141 113
91 9.38 224 110
92 -83.5 155 106
93 -87.2 84.4 106
94 -89.1 35 106
95 -87.6 -15.5 106
96 -88.9 -65.1 106
97 -87.7 -116 106
98 -85.4 -159 110
99 0.77 -231 112
100 38.4 -197 88.1
101 74.3 -110 81.9
102 94.9 -65.1 82
103 97.3 -41.6 82.8
104 97.6 -17.2 82.2
105 101 8.98 81.4
106 100 37 81.4
107 95.5 63 80.8
108 88.4 86.7 81.3
109 80.1 108 82.2
110 54 183 86.5
111 11.3 227 85.8
112 -49.1 233 83.7
113 -99.2 122 82.4
114 -98.7 57.5 82.3
115 -94.3 10.1 82.5
116 -95.2 -39.7 82.5
117 -98.4 -90.6 82.2
118 -96.2 -138 83.5
119 -52.1 -226 86.6
120 2.36 -232 87.8
121 7.23 -172 60
122 56.1 -167 60.8
123 84.9 -132 57.4
124 101 -88.1 57.3
125 106 -65.4 57.8
126 106 -41.8 59.1
127 104 -17.5 57.3
128 110 7.97 57.3
129 108 37.5 57.3
130 104 63.2 57.6
131 101 87.4 57.3
132 96.6 107 57.3
133 85.1 136 59.2
134 49.7 156 59.3
135 13.3 169 58.7
136 -41.5 192 58.4
137 -85.6 166 57.6
138 -102 84.8 57.3
139 -96.6 33.8 57.3
140 -97.9 -14.2 57.3
141 -100 -64.5 57.3
142 -95.7 -115 57.3
143 -80.8 -156 58.8
144 -40.2 -184 59.7
145 107 -111 33
146 116 -65.4 33
147 114 -42.3 34.2
148 110 -18.4 33.7
149 115 8.16 33.3
150 118 36.6 32.6
151 114 62.5 32.9
152 111 86.8 32.9
153 106 107 32.7
154 83.2 132 33.7
155 49.9 148 33.7
156 -40.9 183 33.9
157 -95.6 126 33.5
158 -98.9 56.9 32.9
159 -101 10.1 33
160 -103 -39.4 33
161 -99.6 -90.4 32.8
162 -87.7 -137 33.4
163 -35.8 -175 34.3
164 58.5 -159 34.3
165 14.5 -163 9.49
166 103 -132 8.95
167 118 -88.2 8.89
168 123 -65.5 9.08
169 120 -41.9 8.89
170 118 -19.4 8.89
171 117 6.59 8.89
172 124 36.9 8.89
173 120 62.6 8.89
174 113 85.5 8.89
175 109 108 9.15
176 65 141 8.89
177 15.1 156 8.89
178 -85.4 165 10.4
179 -96.6 84.4 8.89
180 -100 34.2 8.89
181 -100 -14.7 8.89
182 -103 -65.1 8.89
183 -96 -114 8.89
184 -70.1 -156 9.33
185 61.5 -153 -14.8
186 119 -111 -15.4
187 130 -65.5 -15.3
188 125 -42.2 -15.4
189 123 -18.4 -15.5
190 124 7.31 -15.4
191 127 36.1 -15.5
192 126 61.9 -15.5
193 117 85.9 -15.5
194 105 107 -15.4
195 81.3 129 -15.3
196 48.6 146 -15.3
197 13.2 158 -15.2
198 -41.7 170 -14.4
199 -91.6 127 -14.5
200 -96 57.5 -15.4
201 -101 9.86 -15.6
202 -101 -40.2 -15.6
203 -97 -90.7 -15.4
204 -80.4 -138 -15.2
205 -32.8 -167 -14.5
206 14.5 -168 -37.8
207 107 -132 -39.4
208 130 -86.7 -39.4
209 133 -65.6 -39.4
210 129 -42.9 -39.5
211 127 -17.6 -39.5
212 126 6.82 -39.5
213 131 36.6 -39.5
214 128 61.7 -39.5
215 120 85.8 -39.5
216 111 107 -39.5
217 65.9 145 -39.5
218 14.5 157 -39.5
219 -79.8 158 -38.1
220 -95 85.4 -39.5
221 -98 34.5 -39.5
222 -99.9 -15.7 -39.5
223 -98.2 -65.9 -39.5
224 -92 -115 -39.5
225 -61.8 -158 -39.2
226 74.5 -159 -63.4
227 128 -112 -63.8
228 134 -65.4 -63.6
229 135 -42.5 -63.8
230 134 -18.1 -63.8
231 131 8.21 -63.8
232 133 36 -63.7
233 132 61.4 -63.7
234 124 86 -63.7
235 110 107 -63.8
236 92.6 132 -63.8
237 54.7 151 -63.8
238 15.2 157 -63.8
239 -44.2 159 -63.4
240 -91.1 121 -63.4
241 -93.1 58.8 -63.8
242 -95.4 9.58 -64.4
243 -95.8 -40.6 -64.4
244 -93.9 -91.5 -63.7
245 -79 -139 -63.6
246 -34.2 -166 -63.1
247 14.7 -175 -88
248 120 -134 -88
249 135 -88.1 -88
250 134 -65.6 -87.7
251 136 -42.2 -88
252 139 -17.8 -88
253 136 7.22 -88
254 136 38 -88
255 134 61.5 -88
256 125 86.2 -88
257 111 108 -88
258 66 145 -88
259 15.5 156 -88
260 -71.8 146 -88
261 -88.7 85.4 -88
262 -93.4 34.3 -88
263 -90.7 -15.4 -88
264 -94.8 -65.6 -88
265 -87.7 -117 -87.9
266 -54.4 -159 -87.4
267 -13.8 -170 -111
268 68.7 -161 -111
269 125 -112 -112
270 131 -65 -112
271 134 -42.1 -112
272 136 -17.7 -112
273 136 8.5 -112
274 137 36.4 -112
275 133 62 -112
276 123 86.9 -112
277 105 110 -112
278 63.5 141 -112
279 15.3 153 -111
280 -17.6 149 -111
281 -83.4 110 -112
282 -84.3 59.3 -112
283 -82.3 9.33 -113
284 -84 -40.8 -112
285 -89.4 -92 -112
286 -74.9 -139 -112
287 107 -132 -136
288 120 -86.7 -135
289 124 -64.5 -135
290 126 -41.8 -136
291 133 -18.1 -136
292 129 8.22 -136
293 132 36.6 -136
294 128 61.6 -136
295 120 86.3 -136
296 109 107 -136
297 63.5 141 -136
298 14.5 152 -134
299 -52.7 121 -135
300 -74.9 83.2 -136
301 -74.7 34 -136
302 -72.1 -16 -136
303 -80 -66.7 -135
304 -81.5 -116 -136
305 -36.8 -158 -135
306 14.5 -171 -134
307 -11.4 -165 -159
308 60.1 -157 -159
309 109 -112 -160
310 119 -64.3 -160
311 125 -18 -160
312 129 35.9 -161
313 117 86.4 -161
314 59.2 136 -160
315 -19.5 136 -159
316 -62.7 99 -159
317 -72.5 57.7 -160
318 -70.8 8.42 -161
319 -74.6 -41.5 -160
320 -81.1 -92 -160
321 -58.3 -136 -160
322 13.6 -166 -183
323 98.7 -133 -184
324 116 -87.7 -184
325 120 -41.6 -184
326 127 8.27 -185
327 129 60.7 -185
328 106 108 -185
329 9.59 140 -183
330 -41.7 115 -183
331 -67.7 79.7 -184
332 -67.6 32.2 -185
333 -65.2 -16.8 -185
334 -75.4 -66.8 -184
335 -72.6 -116 -184
336 -34.1 -151 -184
337 -11.5 -165 -208
338 58.4 -164 -208
339 105 -113 -208
340 113 -64.5 -208
341 115 -18.4 -209
342 130 34.3 -209
343 120 85.5 -209
344 59.6 137 -208
345 -16.9 132 -208
346 -57.9 99.5 -208
347 -66.5 54.7 -208
348 -58.6 7.02 -210
349 -65 -41.8 -208
350 -78.1 -92 -208
351 -57 -138 -208
352 -8.05 -115.5 -218
353 40.88 -114.8 -218
354 73.5 -79.1 -218
355 79.1 -45.15 -218
356 80.5 -12.88 -219
357 91 24.01 -219
358 84 59.85 -219
359 41.72 95.9 -218
360 -11.83 92.4 -218
361 -40.53 69.65 -218
362 -46.55 38.29 -218
363 -41.02 4.914 -220
364 -45.5 -29.26 -218
365 -54.67 -64.4 -218
366 -39.9 -96.6 -218
367 23.6218 -42.6287 -228.455
368 -54.7 -90.8 171
369 -53.5 -40.7 165
370 -57.9 10.2 165
736
1 5 1 6
2 6 1 7
3 7 1 8
4 8 1 9
5 9 1 10
6 10 1 11
7 11 1 12
8 12 1 2
9 2 1 3
10 3 1 4
11 4 1 5
12 12 13 11
13 2 13 12
14 2 14 13
15 3 14 2
16 4 14 3
17 5 14 4
18 6 14 5
19 6 15 14
20 7 15 6
21 8 15 7
22 8 16 15
23 9 16 8
24 9 17 16
25 10 17 9
26 10 18 17
27 11 18 10
28 13 18 11
29 20 13 21
30 13 14 21
31 21 14 22
32 22 14 23
33 23 14 24
34 24 14 25
35 14 15 25
36 25 15 26
37 26 15 27
38 27 15 28
39 28 15 29
40 29 15 30
41 30 15 31
42 31 15 32
43 15 16 32
44 32 16 33
45 16 17 33
46 17 18 33
47 33 18 34
48 18 13 34
49 34 13 35
50 35 13 36
51 36 13 37
52 37 13 19
53 19 13 20
54 38 19 39
55 19 20 39
56 39 20 40
57 40 20 41
58 41 20 42
59 20 21 42
60 42 21 43
61 21 22 43
62 43 22 44
63 44 22 45
64 22 23 45
65 45 23 46
66 23 24 46
67 46 24 47
68 24 25 47
69 25 26 47
70 47 26 48
71 48 26 49
72 26 27 49
73 27 28 49
74 49 28 50
75 50 28 51
76 28 29 51
77 29 30 51
78 51 30 52
79 52 30 53
80 30 31 53
81 53 31 54
82 54 31 55
83 31 32 55
84 55 32 370
85 32 33 370
86 33 34 369
87 369 34 57
88 57 34 368
89 34 35 368
90 35 36 58
91 58 36 59
92 36 37 59
93 37 19 59
94 59 19 38
95 39 60 38
96 39 61 60
97 40 61 39
98 41 61 40
99 42 61 41
100 42 62 61
101 43 62 42
102 44 62 43
103 44 63 62
104 44 64 63
105 45 64 44
106 46 64 45
107 46 65 64
108 46 66 65
109 47 66 46
110 48 66 47
111 48 67 66
112 49 67 48
113 49 68 67
114 50 68 49
115 50 69 68
116 51 69 50
117 51 70 69
118 52 70 51
119 52 71 70
120 53 71 52
121 53 72 71
122 54 72 53
123 54 73 72
124 55 73 54
125 55 74 73
126 56 74 55
127 56 75 74
128 57 75 56
129 57 76 75
130 58 76 57
131 58 77 76
132 59 77 58
133 59 78 77
134 38 78 59
135 60 78 38
136 99 60 79
137 60 61 79
138 79 61 80
139 80 61 81
140 61 62 81
141 81 62 82
142 62 63 82
143 82 63 83
144 83 63 84
145 63 64 84
146 64 65 84
147 84 65 85
148 85 65 86
149 65 66 86
150 86 66 87
151 66 67 87
152 87 67 88
153 67 68 88
154 88 68 89
155 68 69 89
156 89 69 90
157 69 70 90
158 90 70 91
159 70 71 91
160 91 71 92
161 71 72 92
162 92 72 93
163 72 73 93
164 93 73 94
165 73 74 94
166 94 74 95
167 74 75 95
168 95 75 96
169 75 76 96
170 96 76 97
171 76 77 97
172 97 77 98
173 77 78 98
174 98 78 99
175 78 60 99
176 79 80 100
177 100 80 101
178 80 81 101
179 101 81 102
180 81 82 102
181 82 83 102
182 102 83 103
183 83 84 103
184 103 84 104
185 84 85 104
186 104 85 105
187 105 85 106
188 85 86 106
189 106 86 107
190 86 87 107
191 107 87 108
192 87 88 108
193 108 88 109
194 88 89 109
195 89 90 109
196 109 90 110
197 90 91 110
198 110 91 111
199 111 91 112
200 91 92 112
201 112 92 113
202 92 93 113
203 113 93 114
204 93 94 114
205 114 94 115
206 94 95 115
207 115 95 116
208 95 96 116
209 116 96 117
210 96 97 117
211 117 97 118
212 97 98 118
213 118 98 119
214 98 99 119
215 119 99 120
216 120 99 100
217 99 79 100
218 100 101 122
219 122 101 123
220 123 101 124
221 101 102 124
222 124 102 125
223 125 102 126
224 102 103 126
225 103 104 126
226 126 104 127
227 104 105 127
228 127 105 128
229 128 105 129
230 105 106 129
231 129 106 130
232 106 107 130
233 130 107 131
234 107 108 131
235 131 108 132
236 108 109 132
237 132 109 133
238 133 109 134
239 109 110 134
240 134 110 135
241 110 111 135
242 135 111 136
243 111 112 136
244 136 112 137
245 112 113 137
246 137 113 138
247 113 114 138
248 138 114 139
249 114 115 139
250 139 115 140
251 115 116 140
252 140 116 141
253 116 117 141
254 141 117 142
255 117 118 142
256 142 118 143
257 143 118 144
258 118 119 144
259 119 120 144
260 144 120 121
261 120 100 121
262 121 100 122
263 124 146 145
264 125 146 124
265 125 147 146
266 126 147 125
267 126 148 147
268 127 148 126
269 128 148 127
270 128 149 148
271 129 149 128
272 129 150 149
273 129 151 150
274 130 151 129
275 130 152 151
276 131 152 130
277 131 153 152
278 132 153 131
279 132 154 153
280 133 154 132
281 133 155 154
282 134 155 133
283 135 155 134
284 135 156 155
285 136 156 135
286 137 156 136
287 137 157 156
288 138 157 137
289 138 158 157
290 139 158 138
291 139 159 158
292 140 159 139
293 140 160 159
294 141 160 140
295 141 161 160
296 142 161 141
297 142 162 161
298 143 162 142
299 143 163 162
300 144 163 143
301 121 163 144
302 121 164 163
303 122 164 121
304 123 164 122
305 123 145 164
306 145 123 124
307 166 145 167
308 145 146 167
309 167 146 168
310 168 146 169
311 146 147 169
312 169 147 170
313 147 148 170
314 170 148 171
315 148 149 171
316 149 150 171
317 171 150 172
318 172 150 173
319 150 151 173
320 173 151 174
321 151 152 174
322 174 152 175
323 152 153 175
324 153 154 175
325 175 154 176
326 154 155 176
327 176 155 177
328 155 156 177
329 177 156 178
330 156 157 178
331 178 157 179
332 157 158 179
333 179 158 180
334 158 159 180
335 180 159 181
336 159 160 181
337 181 160 182
338 160 161 182
339 182 161 183
340 161 162 183
341 183 162 184
342 162 163 184
343 184 163 165
344 163 164 165
345 165 164 166
346 164 145 166
347 205 165 185
348 165 166 185
349 185 166 186
350 166 167 186
351 186 167 187
352 167 168 187
353 187 168 188
354 168 169 188
355 188 169 189
356 169 170 189
357 170 171 189
358 189 171 190
359 171 172 190
360 190 172 191
361 191 172 192
362 172 173 192
363 192 173 193
364 173 174 193
365 193 174 194
366 174 175 194
367 194 175 195
368 175 176 195
369 195 176 196
370 176 177 196
371 196 177 197
372 197 177 198
373 177 178 198
374 198 178 199
375 178 179 199
376 199 179 200
377 179 180 200
378 200 180 201
379 180 181 201
380 201 181 202
381 181 182 202
382 202 182 203
383 182 183 203
384 203 183 204
385 183 184 204
386 204 184 205
387 184 165 205
388 206 205 185
389 207 206 185
390 207 185 186
391 208 207 186
392 208 186 187
393 209 208 187
394 210 209 187
395 210 187 188
396 211 210 188
397 211 188 189
398 211 189 190
399 212 211 190
400 212 190 191
401 213 212 191
402 214 213 191
403 214 191 192
404 215 214 192
405 215 192 193
406 216 215 193
407 216 193 194
408 216 194 195
409 217 216 195
410 217 195 196
411 218 217 196
412 218 196 197
413 218 197 198
414 219 218 198
415 219 198 199
416 220 219 199
417 220 199 200
418 221 220 200
419 221 200 201
420 222 221 201
421 222 201 202
422 223 222 202
423 223 202 203
424 224 223 203
425 224 203 204
426 225 224 204
427 225 204 205
428 206 225 205
429 246 206 226
430 206 207 226
431 226 207 227
432 207 208 227
433 227 208 228
434 208 209 228
435 209 210 228
436 228 210 229
437 229 210 230
438 210 211 230
439 230 211 231
440 211 212 231
441 212 213 231
442 231 213 232
443 232 213 233
444 213 214 233
445 233 214 234
446 214 215 234
447 234 215 235
448 215 216 235
449 235 216 236
450 216 217 236
451 236 217 237
452 217 218 237
453 237 218 238
454 238 218 239
455 218 219 239
456 239 219 240
457 219 220 240
458 240 220 241
459 220 221 241
460 241 221 242
461 221 222 242
462 242 222 243
463 222 223 243
464 243 223 244
465 223 224 244
466 244 224 245
467 224 225 245
468 245 225 246
469 225 206 246
470 247 246 226
471 248 247 226
472 248 226 227
473 249 248 227
474 249 227 228
475 250 249 228
476 250 228 229
477 251 250 229
478 251 229 230
479 252 251 230
480 253 252 230
481 253 230 231
482 253 231 232
483 254 253 232
484 254 232 233
485 255 254 233
486 256 255 233
487 256 233 234
488 256 234 235
489 257 256 235
490 257 235 236
491 258 257 236
492 258 236 237
493 259 258 237
494 259 237 238
495 259 238 239
496 260 259 239
497 260 239 240
498 261 260 240
499 261 240 241
500 262 261 241
501 262 241 242
502 263 262 242
503 263 242 243
504 264 263 243
505 264 243 244
506 265 264 244
507 265 244 245
508 266 265 245
509 266 245 246
510 247 266 246
511 267 247 268
512 247 248 268
513 268 248 269
514 248 249 269
515 269 249 270
516 249 250 270
517 250 251 270
518 270 251 271
519 271 251 272
520 251 252 272
521 252 253 272
522 272 253 273
523 273 253 274
524 253 254 274
525 274 254 275
526 254 255 275
527 255 256 275
528 275 256 276
529 256 257 276
530 276 257 277
531 257 258 277
532 277 258 278
533 258 259 278
534 278 259 279
535 279 259 280
536 259 260 280
537 280 260 281
538 260 261 281
539 281 261 282
540 261 262 282
541 282 262 283
542 262 263 283
543 283 263 284
544 263 264 284
545 284 264 285
546 264 265 285
547 285 265 286
548 265 266 286
549 286 266 267
550 266 247 267
551 305 267 306
552 267 268 306
553 306 268 287
554 268 269 287
555 287 269 288
556 269 270 288
557 288 270 289
558 270 271 289
559 289 271 290
560 290 271 291
561 271 272 291
562 272 273 291
563 291 273 292
564 292 273 293
565 273 274 293
566 274 275 293
567 293 275 294
568 275 276 294
569 294 276 295
570 295 276 296
571 276 277 296
572 296 277 297
573 277 278 297
574 297 278 298
575 278 279 298
576 279 280 298
577 298 280 299
578 280 281 299
579 299 281 300
580 281 282 300
581 300 282 301
582 282 283 301
583 301 283 302
584 283 284 302
585 302 284 303
586 284 285 303
587 303 285 304
588 285 286 304
589 304 286 305
590 286 267 305
591 306 307 305
592 306 308 307
593 287 308 306
594 287 309 308
595 288 309 287
596 288 310 309
597 289 310 288
598 290 310 289
599 290 311 310
600 291 311 290
601 292 311 291
602 292 312 311
603 293 312 292
604 294 312 293
605 294 313 312
606 295 313 294
607 296 313 295
608 296 314 313
609 297 314 296
610 298 314 297
611 298 315 314
612 299 315 298
613 299 316 315
614 300 316 299
615 300 317 316
616 301 317 300
617 301 318 317
618 302 318 301
619 302 319 318
620 303 319 302
621 303 320 319
622 304 320 303
623 304 321 320
624 305 321 304
625 307 321 305
626 307 308 322
627 322 308 323
628 308 309 323
629 323 309 324
630 309 310 324
631 324 310 325
632 310 311 325
633 325 311 326
634 311 312 326
635 326 312 327
636 312 313 327
637 327 313 328
638 313 314 328
639 328 314 329
640 314 315 329
641 329 315 330
642 315 316 330
643 330 316 331
644 316 317 331
645 331 317 332
646 317 318 332
647 332 318 333
648 318 319 333
649 333 319 334
650 319 320 334
651 334 320 335
652 320 321 335
653 335 321 336
654 321 307 336
655 336 307 322
656 337 322 338
657 322 323 338
658 338 323 339
659 323 324 339
660 339 324 340
661 324 325 340
662 340 325 341
663 325 326 341
664 341 326 342
665 326 327 342
666 342 327 343
667 327 328 343
668 343 328 344
669 328 329 344
670 344 329 345
671 329 330 345
672 345 330 346
673 330 331 346
674 346 331 347
675 331 332 347
676 347 332 348
677 332 333 348
678 348 333 349
679 333 334 349
680 349 334 350
681 334 335 350
682 350 335 351
683 335 336 351
684 351 336 337
685 336 322 337
686 352 337 353
687 337 338 353
688 338 339 353
689 353 339 354
690 339 340 354
691 354 340 355
692 340 341 355
693 355 341 356
694 356 341 357
695 341 342 357
696 357 342 358
697 342 343 358
698 358 343 359
699 343 344 359
700 344 345 359
701 359 345 360
702 345 346 360
703 360 346 361
704 346 347 361
705 361 347 362
706 347 348 362
707 362 348 363
708 363 348 364
709 348 349 364
710 364 349 365
711 349 350 365
712 365 350 366
713 350 351 366
714 366 351 352
715 351 337 352
716 356 367 355
717 357 367 356
718 358 367 357
719 359 367 358
720 360 367 359
721 361 367 360
722 362 367 361
723 363 367 362
724 364 367 363
725 365 367 364
726 366 367 365
727 352 367 366
728 353 367 352
729 354 367 353
730 367 354 355
731 55 370 56
732 33 56 370
733 33 369 56
734 56 369 57
735 57 368 58
736 35 58 368
