659
     1 23.302210 138.208962 -62.000000
    2 46.229879 134.775218 -62.000000
    3 56.657996 129.671606 -62.000000
    4 66.797878 123.992417 -62.000000
    5 76.442815 117.851777 -62.000000
    6 83.444234 108.600208 -62.000000
    7 86.216106 98.668010 -62.000000
    8 81.630182 81.416253 -62.000000
    9 66.678072 79.218218 -62.000000
   10 52.597451 80.625352 -62.000000
   11 29.931314 68.872537 -62.000000
   12 20.620404 75.448102 -62.000000
   13 6.793672 63.528812 -62.000000
   14 -13.833574 40.563166 -62.000000
   15 -25.381844 36.873414 -62.000000
   16 -36.318716 32.267088 -62.000000
   17 -45.977405 34.157452 -62.000000
   18 -56.319305 42.775710 -62.000000
   19 -60.514921 51.445093 -62.000000
   20 -62.182365 79.607115 -62.000000
   21 -49.718158 104.253114 -62.000000
   22 -41.554093 113.786187 -62.000000
   23 -35.247574 119.476984 -62.000000
   24 -26.446000 126.846587 -62.000000
   25 -17.585287 131.542093 -62.000000
   26 1.128218 137.989350 -62.000000
   27 19.275296 139.618488 -57.000000
   28 33.156756 137.310175 -57.000000
   29 45.557104 133.547536 -57.000000
   30 65.077281 122.664442 -57.000000
   31 83.381493 106.599530 -57.000000
   32 96.692298 83.868372 -57.000000
   33 98.186049 75.012798 -57.000000
   34 91.795867 71.344668 -57.000000
   35 81.504121 73.285373 -57.000000
   36 71.118326 77.155666 -57.000000
   37 58.025200 79.404963 -57.000000
   38 44.696776 75.312266 -57.000000
   39 26.019922 65.154655 -57.000000
   40 11.903938 53.658004 -57.000000
   41 -9.401667 41.408468 -57.000000
   42 -30.404894 34.157540 -57.000000
   43 -41.229306 32.188808 -57.000000
   44 -50.399191 37.314684 -57.000000
   45 -59.185536 45.565313 -57.000000
   46 -63.661726 71.114324 -57.000000
   47 -62.014679 85.860151 -57.000000
   48 -48.514308 105.020460 -57.000000
   49 -39.898306 114.043868 -57.000000
   50 -23.019484 128.426093 -57.000000
   51 -1.872973 135.913523 -57.000000
   52 2.177716 92.948698 -62.000000
   53 19.114710 136.392091 -52.000000
   54 42.730655 133.018393 -52.000000
   55 63.829647 122.270341 -52.000000
   56 84.398938 105.514269 -52.000000
   57 97.831971 83.323074 -52.000000
   58 100.589440 72.826311 -52.000000
   59 98.400235 67.011523 -52.000000
   60 90.146552 70.019017 -52.000000
   61 64.387349 76.766806 -52.000000
   62 39.017490 74.586525 -52.000000
   63 22.157530 63.214620 -52.000000
   64 0.668108 46.198511 -52.000000
   65 -19.945306 38.359074 -52.000000
   66 -31.453232 35.315548 -52.000000
   67 -44.046002 34.393492 -52.000000
   68 -60.984086 45.394908 -52.000000
   69 -64.365314 72.638100 -52.000000
   70 -57.974072 92.806567 -52.000000
   71 -38.032596 116.969536 -52.000000
   72 -13.260480 131.371382 -52.000000
   73 17.608964 134.666694 -47.000000
   74 39.959572 131.638961 -47.000000
   75 60.866692 122.248296 -47.000000
   76 70.884538 115.637676 -47.000000
   77 90.937434 97.930580 -47.000000
   78 100.634973 78.814892 -47.000000
   79 102.936121 66.098424 -47.000000
   80 101.772670 62.640828 -47.000000
   81 93.250672 63.549301 -47.000000
   82 80.333010 73.462498 -47.000000
   83 54.858506 80.371742 -47.000000
   84 34.094216 76.959836 -47.000000
   85 16.087841 61.876778 -47.000000
   86 -13.998749 42.947868 -47.000000
   87 -35.830158 35.253613 -47.000000
   88 -46.734901 34.820492 -47.000000
   89 -60.527469 43.699118 -47.000000
   90 -67.797765 60.281310 -47.000000
   91 -60.799567 89.817220 -47.000000
   92 -44.281251 112.113966 -47.000000
   93 -6.830819 132.606510 -47.000000
   94 18.870347 133.819868 -42.000000
   95 41.257931 128.993276 -42.000000
   96 62.042487 120.521930 -42.000000
   97 82.566072 105.739022 -42.000000
   98 98.375589 84.141700 -42.000000
   99 103.538698 62.582889 -42.000000
  100 101.089811 58.569584 -42.000000
  101 96.395722 60.424029 -42.000000
  102 84.672407 68.193455 -42.000000
  103 63.681610 79.152473 -42.000000
  104 33.205820 77.963554 -42.000000
  105 8.461710 62.352099 -42.000000
  106 -25.871284 45.056888 -42.000000
  107 -40.281878 35.147986 -42.000000
  108 -55.815813 38.388828 -42.000000
  109 -66.164619 52.938077 -42.000000
  110 -67.004077 73.658814 -42.000000
  111 -58.914544 91.665474 -42.000000
  112 -44.464717 110.068783 -42.000000
  113 -25.661860 124.701242 -42.000000
  114 -4.840186 131.892490 -42.000000
  115 35.441224 129.609941 -37.000000
  116 54.850956 122.850870 -37.000000
  117 74.783005 110.712341 -37.000000
  118 93.434828 89.846972 -37.000000
  119 103.510847 63.877316 -37.000000
  120 98.727337 61.082147 -37.000000
  121 93.803303 62.334945 -37.000000
  122 78.716400 71.928675 -37.000000
  123 56.292866 79.048899 -37.000000
  124 27.138940 77.153034 -37.000000
  125 3.433130 62.631518 -37.000000
  126 -12.951540 53.029838 -37.000000
  127 -35.513467 42.213449 -37.000000
  128 -47.137016 38.971091 -37.000000
  129 -57.220957 40.171320 -37.000000
  130 -66.434091 54.406631 -37.000000
  131 -66.882997 78.321894 -37.000000
  132 -50.698193 106.576949 -37.000000
  133 -36.641078 117.825254 -37.000000
  134 -14.540830 127.606227 -37.000000
  135 9.100509 131.540910 -37.000000
  136 24.611461 126.968323 -32.000000
  137 47.118584 121.329160 -32.000000
  138 67.113894 110.466294 -32.000000
  139 86.202756 91.783043 -32.000000
  140 94.835524 68.388916 -32.000000
  141 94.285550 65.040852 -32.000000
  142 87.726268 66.646036 -32.000000
  143 75.797865 74.527329 -32.000000
  144 58.853441 82.617530 -32.000000
  145 37.382177 86.036038 -32.000000
  146 18.733114 81.059397 -32.000000
  147 -0.533341 66.396799 -32.000000
  148 -20.950139 54.631538 -32.000000
  149 -40.147866 45.699386 -32.000000
  150 -53.679060 42.670264 -32.000000
  151 -60.836331 44.002131 -32.000000
  152 -66.633235 52.591870 -32.000000
  153 -69.105466 71.670788 -32.000000
  154 -53.879064 102.753633 -32.000000
  155 -33.025928 118.529213 -32.000000
  156 0.417390 128.159060 -32.000000
  157 35.866701 122.679364 -27.000000
  158 58.310096 114.121690 -27.000000
  159 81.380280 99.031964 -27.000000
  160 90.964456 77.649411 -27.000000
  161 93.378365 67.778820 -27.000000
  162 85.983802 69.137060 -27.000000
  163 78.388119 75.341839 -27.000000
  164 59.409432 82.848107 -27.000000
  165 39.845306 85.782777 -27.000000
  166 11.182930 77.532464 -27.000000
  167 -10.359246 63.442425 -27.000000
  168 -46.794371 44.698145 -27.000000
  169 -53.726217 43.146012 -27.000000
  170 -61.675533 48.495238 -27.000000
  171 -66.390101 57.353797 -27.000000
  172 -68.267494 73.945570 -27.000000
  173 -53.102280 101.923955 -27.000000
  174 -20.503873 123.671568 -27.000000
  175 11.947476 125.822846 -27.000000
  176 25.917944 123.619184 -22.000000
  177 48.458894 116.858882 -22.000000
  178 69.494196 105.250346 -22.000000
  179 86.181131 85.411918 -22.000000
  180 95.966221 67.839642 -22.000000
  181 95.042438 60.172519 -22.000000
  182 84.405650 67.668462 -22.000000
  183 68.007785 79.930166 -22.000000
  184 37.297528 85.634790 -22.000000
  185 16.266518 79.534248 -22.000000
  186 -19.404859 59.236648 -22.000000
  187 -51.096013 46.781612 -22.000000
  188 -61.711846 48.674300 -22.000000
  189 -67.376593 57.555662 -22.000000
  190 -69.309653 70.640606 -22.000000
  191 -66.019669 83.266167 -22.000000
  192 -42.120216 110.243544 -22.000000
  193 -10.587651 123.809066 -22.000000
  194 29.919384 122.814135 -17.000000
  195 53.804391 113.683979 -17.000000
  196 73.465884 99.715560 -17.000000
  197 87.541302 80.994295 -17.000000
  198 97.115619 56.893806 -17.000000
  199 95.439303 50.569665 -17.000000
  200 90.624227 53.869910 -17.000000
  201 80.467941 66.707840 -17.000000
  202 59.975122 78.714178 -17.000000
  203 33.021479 82.982586 -17.000000
  204 15.011923 78.992860 -17.000000
  205 -3.867348 68.230921 -17.000000
  206 -36.769052 52.907563 -17.000000
  207 -48.058205 45.923607 -17.000000
  208 -55.092254 45.938652 -17.000000
  209 -63.958947 49.039177 -17.000000
  210 -67.958641 59.390110 -17.000000
  211 -67.136261 81.558616 -17.000000
  212 -37.577124 111.287956 -17.000000
  213 -18.207853 122.294205 -17.000000
  214 3.503380 125.400484 -17.000000
  215 23.109525 122.079653 -12.000000
  216 45.728992 115.504029 -12.000000
  217 66.597880 104.007142 -12.000000
  218 89.332968 77.022041 -12.000000
  219 98.511182 47.803132 -12.000000
  220 96.541692 30.453878 -12.000000
  221 92.890828 28.797711 -12.000000
  222 90.928743 31.389750 -12.000000
  223 86.886231 40.109686 -12.000000
  224 81.721380 57.646428 -12.000000
  225 74.655696 67.690824 -12.000000
  226 55.388748 77.613961 -12.000000
  227 37.056183 80.481175 -12.000000
  228 14.640277 76.911094 -12.000000
  229 -13.646802 63.190259 -12.000000
  230 -39.543013 54.624489 -12.000000
  231 -56.893471 47.658691 -12.000000
  232 -64.575637 51.599200 -12.000000
  233 -69.292556 60.766525 -12.000000
  234 -67.585188 83.659502 -12.000000
  235 -35.231429 112.279489 -12.000000
  236 -2.040651 122.286627 -12.000000
  237 17.774305 121.341853 -7.000000
  238 53.180510 114.966106 -7.000000
  239 78.787502 90.153360 -7.000000
  240 90.620214 66.941212 -7.000000
  241 96.605975 42.493917 -7.000000
  242 95.434913 30.374405 -7.000000
  243 91.316147 27.302850 -7.000000
  244 86.807075 29.607510 -7.000000
  245 79.157973 49.760836 -7.000000
  246 63.215574 70.090951 -7.000000
  247 43.983351 77.378374 -7.000000
  248 18.920568 76.770349 -7.000000
  249 -6.656421 65.937497 -7.000000
  250 -33.790208 57.505441 -7.000000
  251 -56.041478 44.678176 -7.000000
  252 -65.353207 48.545676 -7.000000
  253 -67.506316 56.464528 -7.000000
  254 -70.402750 76.351988 -7.000000
  255 -48.440449 102.166363 -7.000000
  256 -18.208068 119.067800 -7.000000
  257 22.997842 120.616294 -2.000000
  258 56.539074 109.434039 -2.000000
  259 81.792045 85.788235 -2.000000
  260 93.472383 63.321427 -2.000000
  261 97.089444 40.616949 -2.000000
  262 95.587722 28.559431 -2.000000
  263 90.306465 21.789320 -2.000000
  264 85.341722 26.280612 -2.000000
  265 79.392563 40.007542 -2.000000
  266 67.176645 58.320811 -2.000000
  267 49.523219 71.903355 -2.000000
  268 30.391286 77.933000 -2.000000
  269 2.379350 72.919540 -2.000000
  270 -22.175862 65.315411 -2.000000
  271 -47.016580 53.661658 -2.000000
  272 -54.409902 48.399144 -2.000000
  273 -62.529247 47.955294 -2.000000
  274 -68.774556 63.049538 -2.000000
  275 -67.077358 80.417466 -2.000000
  276 -51.638275 96.867427 -2.000000
  277 -32.742788 110.868718 -2.000000
  278 -10.319855 119.462242 -2.000000
  279 21.695134 120.200751 3.000000
  280 64.628913 103.630456 3.000000
  281 86.815456 75.791257 3.000000
  282 94.892767 52.408709 3.000000
  283 94.877016 38.646177 3.000000
  284 91.897344 27.420559 3.000000
  285 88.544833 21.767758 3.000000
  286 82.993167 21.630007 3.000000
  287 77.580045 31.722753 3.000000
  288 63.675892 52.746785 3.000000
  289 40.651454 67.747246 3.000000
  290 0.780912 69.766936 3.000000
  291 -31.059873 57.563323 3.000000
  292 -42.378964 52.751923 3.000000
  293 -51.107296 45.472647 3.000000
  294 -60.612500 45.551740 3.000000
  295 -68.357254 57.459081 3.000000
  296 -68.486071 71.208134 3.000000
  297 -49.524243 103.464308 3.000000
  298 -13.297682 117.121394 3.000000
  299 24.508476 116.736868 8.000000
  300 37.174749 114.477921 8.000000
  301 68.919546 98.138612 8.000000
  302 88.185817 69.540865 8.000000
  303 94.136493 49.417288 8.000000
  304 96.254086 36.407224 8.000000
  305 92.465783 23.953019 8.000000
  306 86.822446 17.414569 8.000000
  307 81.856546 23.106554 8.000000
  308 72.744792 37.844126 8.000000
  309 55.066575 60.572913 8.000000
  310 29.761542 72.685037 8.000000
  311 -1.563981 70.539662 8.000000
  312 -25.283921 61.281325 8.000000
  313 -45.632245 51.403429 8.000000
  314 -58.577988 48.693302 8.000000
  315 -66.721652 53.418362 8.000000
  316 -68.774865 63.867848 8.000000
  317 -61.707982 85.085520 8.000000
  318 -33.165318 109.075914 8.000000
  319 0.521845 119.009055 8.000000
  320 20.348173 116.710050 13.000000
  321 54.064559 107.218150 13.000000
  322 79.572928 82.251700 13.000000
  323 92.442488 51.306426 13.000000
  324 93.440566 28.228415 13.000000
  325 88.863711 18.168916 13.000000
  326 85.141790 17.145853 13.000000
  327 81.487642 25.283288 13.000000
  328 69.694464 41.167908 13.000000
  329 55.740183 53.848664 13.000000
  330 34.510736 62.736072 13.000000
  331 -0.700852 61.574385 13.000000
  332 -33.622990 55.696986 13.000000
  333 -57.181550 44.781920 13.000000
  334 -65.497232 49.187969 13.000000
  335 -67.546803 71.214770 13.000000
  336 -55.837649 91.611577 13.000000
  337 -25.959898 111.575192 13.000000
  338 -0.680956 117.684733 13.000000
  339 24.507521 116.745253 18.000000
  340 67.785526 95.535720 18.000000
  341 87.447478 66.423961 18.000000
  342 93.192240 43.982107 18.000000
  343 92.962939 31.218712 18.000000
  344 89.035976 19.581408 18.000000
  345 83.617950 19.022689 18.000000
  346 75.457799 35.198862 18.000000
  347 59.883044 51.304054 18.000000
  348 43.141598 62.082692 18.000000
  349 -7.247946 63.001289 18.000000
  350 -37.644983 53.186632 18.000000
  351 -56.672822 40.860878 18.000000
  352 -60.362190 41.116387 18.000000
  353 -65.438466 48.904698 18.000000
  354 -67.039804 70.838226 18.000000
  355 -53.549325 92.116779 18.000000
  356 -22.947098 112.962374 18.000000
  357 36.888158 111.276522 23.000000
  358 68.122993 91.903140 23.000000
  359 87.620786 62.445232 23.000000
  360 92.166846 39.602182 23.000000
  361 92.102992 25.783042 23.000000
  362 88.598008 16.361249 23.000000
  363 81.046775 14.936288 23.000000
  364 62.079825 46.455731 23.000000
  365 30.413055 55.539454 23.000000
  366 -5.172773 59.260093 23.000000
  367 -40.225710 48.546297 23.000000
  368 -54.245131 39.719307 23.000000
  369 -59.853588 40.767625 23.000000
  370 -64.978632 50.096153 23.000000
  371 -65.001777 79.365004 23.000000
  372 -40.378606 102.196796 23.000000
  373 -6.319728 117.709378 23.000000
  374 26.182800 113.268235 28.000000
  375 58.312152 98.672338 28.000000
  376 82.738382 69.341046 28.000000
  377 90.777470 34.712342 28.000000
  378 89.888311 1.782089 28.000000
  379 81.966042 -3.602356 28.000000
  380 70.226991 0.421852 28.000000
  381 52.192071 31.862560 28.000000
  382 28.956445 45.949430 28.000000
  383 -4.599757 54.825506 28.000000
  384 -25.991490 54.932165 28.000000
  385 -46.905682 43.652258 28.000000
  386 -54.581569 41.336888 28.000000
  387 -62.525478 47.590801 28.000000
  388 -66.364269 60.604785 28.000000
  389 -55.598513 89.216522 28.000000
  390 -30.121562 106.788848 28.000000
  391 -8.962691 112.921846 28.000000
  392 28.855062 110.098720 33.000000
  393 49.871513 101.350328 33.000000
  394 72.927568 82.913570 33.000000
  395 90.059921 46.419581 33.000000
  396 91.868555 7.046957 33.000000
  397 88.799494 -1.125840 33.000000
  398 82.655652 -6.732208 33.000000
  399 76.883904 -6.924892 33.000000
  400 66.845822 -1.440086 33.000000
  401 57.421098 10.763240 33.000000
  402 41.656695 34.632827 33.000000
  403 20.670845 45.320066 33.000000
  404 9.566452 49.082365 33.000000
  405 -20.609548 55.071670 33.000000
  406 -32.278432 53.132515 33.000000
  407 -42.542528 46.943275 33.000000
  408 -50.930811 39.356019 33.000000
  409 -57.187614 40.337894 33.000000
  410 -65.121304 60.990927 33.000000
  411 -56.939141 82.568452 33.000000
  412 -38.458954 99.673865 33.000000
  413 -16.084212 108.654010 33.000000
  414 6.511517 113.414321 33.000000
  415 28.769988 108.498516 38.000000
  416 39.574133 105.102128 38.000000
  417 59.246755 92.679080 38.000000
  418 78.794285 61.800024 38.000000
  419 88.329232 37.839928 38.000000
  420 92.978154 13.807893 38.000000
  421 88.576378 -1.867873 38.000000
  422 80.421900 -7.253550 38.000000
  423 72.063898 -6.289732 38.000000
  424 63.543740 2.482247 38.000000
  425 54.312755 13.405556 38.000000
  426 30.444701 41.375345 38.000000
  427 9.889876 52.993133 38.000000
  428 -23.325900 56.991931 38.000000
  429 -38.512584 49.705074 38.000000
  430 -47.657798 40.898824 38.000000
  431 -53.960058 39.979328 38.000000
  432 -59.710534 44.907361 38.000000
  433 -63.737562 57.065095 38.000000
  434 -58.505350 77.838890 38.000000
  435 -38.679330 97.103872 38.000000
  436 -17.434318 107.028859 38.000000
  437 5.137811 110.929596 38.000000
  438 27.313274 108.232609 43.000000
  439 66.054152 82.028660 43.000000
  440 82.523992 50.395710 43.000000
  441 89.882619 24.479532 43.000000
  442 86.295824 -5.260889 43.000000
  443 80.017716 -10.072149 43.000000
  444 72.634223 -7.885731 43.000000
  445 63.377794 -2.557216 43.000000
  446 27.124722 38.696533 43.000000
  447 15.978618 45.196056 43.000000
  448 6.416550 49.587690 43.000000
  449 -21.342304 55.291483 43.000000
  450 -33.472382 50.362321 43.000000
  451 -42.416002 39.123057 43.000000
  452 -51.222810 35.157375 43.000000
  453 -58.165712 40.338369 43.000000
  454 -62.638778 63.558291 43.000000
  455 -50.646332 85.671369 43.000000
  456 -18.889322 105.748365 43.000000
  457 32.348046 102.923593 48.000000
  458 53.728552 89.976380 48.000000
  459 76.279584 62.431255 48.000000
  460 88.006008 24.283451 48.000000
  461 85.982741 4.264697 48.000000
  462 82.961596 -6.267373 48.000000
  463 73.924929 -10.876352 48.000000
  464 55.119019 -2.104423 48.000000
  465 36.396149 25.525028 48.000000
  466 7.779926 46.837958 48.000000
  467 -25.407241 54.124267 48.000000
  468 -35.521562 48.752264 48.000000
  469 -47.098093 37.873153 48.000000
  470 -53.146005 37.482513 48.000000
  471 -59.847922 48.106368 48.000000
  472 -58.253314 72.010022 48.000000
  473 -33.825117 96.473264 48.000000
  474 -12.049551 105.659059 48.000000
  475 10.792216 108.062485 48.000000
  476 18.663662 105.434074 53.000000
  477 49.817275 92.979922 53.000000
  478 65.035818 74.721209 53.000000
  479 84.120268 41.665216 53.000000
  480 84.332415 -6.433111 53.000000
  481 78.042595 -13.425858 53.000000
  482 68.744649 -10.657993 53.000000
  483 51.354331 1.722884 53.000000
  484 29.986750 32.655893 53.000000
  485 -0.433858 48.447987 53.000000
  486 -18.668054 50.366000 53.000000
  487 -29.915536 44.668863 53.000000
  488 -39.565397 35.897685 53.000000
  489 -48.858493 34.219602 53.000000
  490 -56.150223 41.844348 53.000000
  491 -59.962384 53.006800 53.000000
  492 -54.307531 76.754322 53.000000
  493 -26.148598 100.308365 53.000000
  494 12.671704 103.789750 58.000000
  495 24.633653 102.842909 58.000000
  496 61.591716 75.717629 58.000000
  497 76.488553 53.969775 58.000000
  498 84.305132 26.985060 58.000000
  499 82.417056 -5.947003 58.000000
  500 77.235827 -14.235912 58.000000
  501 67.679463 -12.345314 58.000000
  502 48.155185 3.225287 58.000000
  503 31.732287 24.493714 58.000000
  504 16.181534 38.984209 58.000000
  505 -19.141734 43.811636 58.000000
  506 -39.560162 33.725676 58.000000
  507 -48.220671 34.375610 58.000000
  508 -55.423944 42.395524 58.000000
  509 -56.519956 66.131633 58.000000
  510 -43.346686 87.472045 58.000000
  511 -22.428740 99.544609 58.000000
  512 17.059573 102.298973 63.000000
  513 57.492482 78.515470 63.000000
  514 80.877992 36.513069 63.000000
  515 79.476958 -10.145071 63.000000
  516 70.332218 -13.663554 63.000000
  517 61.205306 -7.157653 63.000000
  518 23.968788 32.280107 63.000000
  519 -4.280887 43.156994 63.000000
  520 -21.704595 41.225710 63.000000
  521 -32.243760 34.496621 63.000000
  522 -40.346192 31.612666 63.000000
  523 -49.434403 35.426618 63.000000
  524 -54.507285 44.915216 63.000000
  525 -56.445780 69.266287 63.000000
  526 -39.361978 88.072132 63.000000
  527 -18.279816 101.327738 63.000000
  528 23.172765 99.864962 68.000000
  529 64.198412 65.086014 68.000000
  530 75.449456 42.773124 68.000000
  531 81.372088 0.464646 68.000000
  532 77.794920 -6.010336 68.000000
  533 72.645734 -10.441324 68.000000
  534 64.655230 -9.776837 68.000000
  535 52.927037 -0.796302 68.000000
  536 24.278012 27.182430 68.000000
  537 -8.010898 43.260912 68.000000
  538 -24.101854 38.711768 68.000000
  539 -32.301018 31.245032 68.000000
  540 -42.564528 29.608266 68.000000
  541 -50.560011 36.522956 68.000000
  542 -56.643276 56.394487 68.000000
  543 -46.601363 79.422902 68.000000
  544 -17.766938 97.736092 68.000000
  545 11.227012 97.840707 73.000000
  546 42.889684 84.401938 73.000000
  547 64.883518 55.161382 73.000000
  548 74.496924 31.566641 73.000000
  549 77.959892 5.033612 73.000000
  550 75.159775 -7.668261 73.000000
  551 68.663610 -9.606940 73.000000
  552 61.793842 -6.241932 73.000000
  553 47.863648 3.608602 73.000000
  554 1.207053 38.081713 73.000000
  555 -21.252172 34.746024 73.000000
  556 -40.120291 29.676211 73.000000
  557 -52.449995 44.056572 73.000000
  558 -50.655191 69.237574 73.000000
  559 -23.288506 93.707921 73.000000
  560 10.943181 95.624854 78.000000
  561 33.326276 87.772854 78.000000
  562 51.694420 70.466862 78.000000
  563 68.799926 39.948318 78.000000
  564 76.511333 0.713367 78.000000
  565 70.462543 -6.636180 78.000000
  566 60.909232 -6.021225 78.000000
  567 50.506183 -0.390407 78.000000
  568 25.991217 17.021151 78.000000
  569 1.027180 36.672741 78.000000
  570 -22.125559 32.590322 78.000000
  571 -29.920991 28.995942 78.000000
  572 -39.723460 29.381225 78.000000
  573 -50.563950 47.872054 78.000000
  574 -44.022712 73.661630 78.000000
  575 -24.138604 91.123584 78.000000
  576 -0.210076 93.781307 83.000000
  577 26.250594 88.029117 83.000000
  578 44.956401 75.627097 83.000000
  579 73.956012 22.986095 83.000000
  580 72.788370 6.918677 83.000000
  581 68.924226 -1.735561 83.000000
  582 59.245929 -3.955101 83.000000
  583 41.875060 5.651407 83.000000
  584 -0.236630 31.998763 83.000000
  585 -12.272918 30.550720 83.000000
  586 -22.987081 24.678745 83.000000
  587 -33.317796 25.961291 83.000000
  588 -45.965288 40.293630 83.000000
  589 -44.806496 66.772818 83.000000
  590 -30.525560 84.857276 83.000000
  591 19.600704 87.300641 88.000000
  592 49.722876 61.660302 88.000000
  593 70.213800 22.565894 88.000000
  594 65.492614 5.910160 88.000000
  595 56.145740 2.058266 88.000000
  596 40.065110 8.278200 88.000000
  597 6.229702 28.342347 88.000000
  598 -13.676021 26.795829 88.000000
  599 -22.592762 21.463952 88.000000
  600 -32.829723 24.968609 88.000000
  601 -44.545429 43.611036 88.000000
  602 -41.441242 69.478544 88.000000
  603 -13.368431 87.748645 88.000000
  604 7.103185 87.118437 93.000000
  605 38.178644 70.551754 93.000000
  606 56.582210 49.650894 93.000000
  607 62.457887 29.782561 93.000000
  608 63.723368 12.904573 93.000000
  609 57.816904 3.535626 93.000000
  610 48.006262 3.671773 93.000000
  611 18.785118 23.366109 93.000000
  612 -3.688400 26.803205 93.000000
  613 -14.114931 23.779807 93.000000
  614 -35.270571 24.908958 93.000000
  615 -44.003607 47.109950 93.000000
  616 -28.394930 78.308301 93.000000
  617 13.647384 81.303573 98.000000
  618 33.082438 68.274956 98.000000
  619 55.909984 39.578040 98.000000
  620 58.898172 11.643220 98.000000
  621 51.612582 5.489928 98.000000
  622 43.954048 8.211213 98.000000
  623 9.099888 25.965331 98.000000
  624 -21.333946 22.259268 98.000000
  625 -37.030554 36.029242 98.000000
  626 -36.078398 60.957868 98.000000
  627 -30.228614 70.726440 98.000000
  628 -7.889203 83.180328 98.000000
  629 6.753587 80.260697 103.000000
  630 35.510617 63.049579 103.000000
  631 53.454780 28.918806 103.000000
  632 51.751341 17.287178 103.000000
  633 40.049080 11.016504 103.000000
  634 27.667709 14.876928 103.000000
  635 8.088648 20.193852 103.000000
  636 -12.812054 19.096264 103.000000
  637 -23.608280 25.258558 103.000000
  638 -34.626594 54.377248 103.000000
  639 -9.619600 77.838358 103.000000
  640 9.013544 76.547219 108.000000
  641 36.866232 55.175828 108.000000
  642 47.910068 21.669676 108.000000
  643 39.610034 10.955708 108.000000
  644 26.898973 11.792158 108.000000
  645 9.607201 17.414926 108.000000
  646 -6.519210 15.598377 108.000000
  647 -20.442750 24.030072 108.000000
  648 -31.609271 45.807383 108.000000
  649 -22.193172 64.949956 108.000000
  650 5.814842 52.692064 113.000000
  651 35.195678 41.478946 113.000000
  652 42.986968 18.646270 113.000000
  653 29.575119 4.426442 113.000000
  654 15.928377 -1.041916 113.000000
  655 2.144118 5.011602 113.000000
  656 -24.624911 27.985786 113.000000
  657 -29.271042 44.727157 113.000000
  658 -8.711916 66.416718 113.000000
  659 8.467547 30.749920 118.000000
1314
     1    12    52    13
    2    13    52    14
    3    14    52    15
    4    15    52    16
    5    16    52    17
    6    17    52    18
    7    18    52    19
    8    19    52    20
    9    20    52    21
   10    21    52    22
   11    22    52    23
   12    23    52    24
   13    24    52    25
   14    25    52    26
   15    26    52     1
   16     1    52     2
   17     2    52     3
   18     3    52     4
   19     4    52     5
   20     5    52     6
   21     6    52     7
   22     7    52     8
   23     8    52     9
   24     9    52    10
   25    10    52    11
   26    11    52    12
   27    28    27     1
   28    28     1     2
   29    29    28     2
   30    29     2     3
   31    30    29     3
   32    30     3     4
   33    30     4     5
   34    31    30     5
   35    31     5     6
   36    31     6     7
   37    32    31     7
   38    32     7     8
   39    33    32     8
   40    34    33     8
   41    35    34     8
   42    36    35     8
   43    36     8     9
   44    37    36     9
   45    37     9    10
   46    38    37    10
   47    38    10    11
   48    39    38    11
   49    39    11    12
   50    40    39    12
   51    40    12    13
   52    41    40    13
   53    41    13    14
   54    42    41    14
   55    42    14    15
   56    42    15    16
   57    43    42    16
   58    43    16    17
   59    44    43    17
   60    44    17    18
   61    45    44    18
   62    45    18    19
   63    46    45    19
   64    46    19    20
   65    47    46    20
   66    47    20    21
   67    48    47    21
   68    48    21    22
   69    49    48    22
   70    49    22    23
   71    49    23    24
   72    50    49    24
   73    50    24    25
   74    51    50    25
   75    51    25    26
   76    27    51    26
   77    27    26     1
   78    28    53    27
   79    28    54    53
   80    29    54    28
   81    29    55    54
   82    30    55    29
   83    30    56    55
   84    31    56    30
   85    32    56    31
   86    32    57    56
   87    33    57    32
   88    33    58    57
   89    33    59    58
   90    34    59    33
   91    34    60    59
   92    35    60    34
   93    35    61    60
   94    36    61    35
   95    37    61    36
   96    38    61    37
   97    38    62    61
   98    39    62    38
   99    39    63    62
  100    40    63    39
  101    40    64    63
  102    41    64    40
  103    41    65    64
  104    42    65    41
  105    42    66    65
  106    43    66    42
  107    43    67    66
  108    44    67    43
  109    44    68    67
  110    45    68    44
  111    46    68    45
  112    46    69    68
  113    47    69    46
  114    47    70    69
  115    48    70    47
  116    48    71    70
  117    49    71    48
  118    50    71    49
  119    50    72    71
  120    51    72    50
  121    51    53    72
  122    53    51    27
  123    73    53    74
  124    53    54    74
  125    74    54    75
  126    54    55    75
  127    75    55    76
  128    55    56    76
  129    76    56    77
  130    56    57    77
  131    77    57    78
  132    57    58    78
  133    78    58    79
  134    58    59    79
  135    79    59    80
  136    80    59    81
  137    59    60    81
  138    81    60    82
  139    60    61    82
  140    82    61    83
  141    61    62    83
  142    83    62    84
  143    62    63    84
  144    84    63    85
  145    63    64    85
  146    85    64    86
  147    64    65    86
  148    86    65    87
  149    65    66    87
  150    66    67    87
  151    87    67    88
  152    67    68    88
  153    88    68    89
  154    89    68    90
  155    68    69    90
  156    90    69    91
  157    69    70    91
  158    91    70    92
  159    70    71    92
  160    92    71    93
  161    71    72    93
  162    72    53    93
  163    93    53    73
  164    73    74    94
  165    94    74    95
  166    74    75    95
  167    95    75    96
  168    75    76    96
  169    96    76    97
  170    76    77    97
  171    97    77    98
  172    77    78    98
  173    98    78    99
  174    78    79    99
  175    79    80    99
  176    99    80   100
  177   100    80   101
  178    80    81   101
  179   101    81   102
  180    81    82   102
  181   102    82   103
  182    82    83   103
  183   103    83   104
  184    83    84   104
  185    84    85   104
  186   104    85   105
  187    85    86   105
  188   105    86   106
  189    86    87   106
  190   106    87   107
  191    87    88   107
  192   107    88   108
  193    88    89   108
  194   108    89   109
  195    89    90   109
  196   109    90   110
  197    90    91   110
  198   110    91   111
  199    91    92   111
  200   111    92   112
  201   112    92   113
  202    92    93   113
  203   113    93   114
  204    93    73   114
  205   114    73    94
  206   135    94   115
  207    94    95   115
  208   115    95   116
  209    95    96   116
  210   116    96   117
  211    96    97   117
  212   117    97   118
  213    97    98   118
  214   118    98   119
  215    98    99   119
  216   119    99   120
  217    99   100   120
  218   100   101   120
  219   120   101   121
  220   101   102   121
  221   121   102   122
  222   102   103   122
  223   122   103   123
  224   103   104   123
  225   123   104   124
  226   104   105   124
  227   124   105   125
  228   125   105   126
  229   105   106   126
  230   126   106   127
  231   106   107   127
  232   127   107   128
  233   107   108   128
  234   128   108   129
  235   108   109   129
  236   129   109   130
  237   109   110   130
  238   130   110   131
  239   110   111   131
  240   131   111   132
  241   111   112   132
  242   132   112   133
  243   112   113   133
  244   133   113   134
  245   113   114   134
  246   134   114   135
  247   114    94   135
  248   136   115   137
  249   115   116   137
  250   137   116   138
  251   116   117   138
  252   138   117   139
  253   117   118   139
  254   139   118   140
  255   118   119   140
  256   140   119   141
  257   119   120   141
  258   120   121   141
  259   141   121   142
  260   121   122   142
  261   142   122   143
  262   122   123   143
  263   143   123   144
  264   144   123   145
  265   123   124   145
  266   145   124   146
  267   124   125   146
  268   146   125   147
  269   125   126   147
  270   147   126   148
  271   126   127   148
  272   148   127   149
  273   127   128   149
  274   149   128   150
  275   128   129   150
  276   150   129   151
  277   129   130   151
  278   151   130   152
  279   152   130   153
  280   130   131   153
  281   153   131   154
  282   131   132   154
  283   154   132   155
  284   132   133   155
  285   133   134   155
  286   155   134   156
  287   134   135   156
  288   156   135   136
  289   135   115   136
  290   137   158   157
  291   138   158   137
  292   138   159   158
  293   139   159   138
  294   139   160   159
  295   140   160   139
  296   140   161   160
  297   141   161   140
  298   142   161   141
  299   142   162   161
  300   143   162   142
  301   143   163   162
  302   143   164   163
  303   144   164   143
  304   144   165   164
  305   145   165   144
  306   146   165   145
  307   146   166   165
  308   147   166   146
  309   147   167   166
  310   148   167   147
  311   148   168   167
  312   149   168   148
  313   150   168   149
  314   150   169   168
  315   151   169   150
  316   151   170   169
  317   152   170   151
  318   152   171   170
  319   153   171   152
  320   153   172   171
  321   154   172   153
  322   154   173   172
  323   155   173   154
  324   155   174   173
  325   156   174   155
  326   156   175   174
  327   136   175   156
  328   136   157   175
  329   157   136   137
  330   177   176   157
  331   177   157   158
  332   178   177   158
  333   178   158   159
  334   179   178   159
  335   179   159   160
  336   180   179   160
  337   180   160   161
  338   181   180   161
  339   182   181   161
  340   182   161   162
  341   182   162   163
  342   183   182   163
  343   183   163   164
  344   184   183   164
  345   184   164   165
  346   185   184   165
  347   185   165   166
  348   185   166   167
  349   186   185   167
  350   186   167   168
  351   187   186   168
  352   187   168   169
  353   188   187   169
  354   188   169   170
  355   188   170   171
  356   189   188   171
  357   190   189   171
  358   190   171   172
  359   191   190   172
  360   191   172   173
  361   192   191   173
  362   192   173   174
  363   193   192   174
  364   193   174   175
  365   176   193   175
  366   176   175   157
  367   176   177   194
  368   194   177   195
  369   177   178   195
  370   195   178   196
  371   178   179   196
  372   196   179   197
  373   179   180   197
  374   197   180   198
  375   180   181   198
  376   198   181   199
  377   199   181   200
  378   181   182   200
  379   200   182   201
  380   182   183   201
  381   201   183   202
  382   183   184   202
  383   202   184   203
  384   184   185   203
  385   203   185   204
  386   204   185   205
  387   185   186   205
  388   205   186   206
  389   186   187   206
  390   206   187   207
  391   207   187   208
  392   187   188   208
  393   208   188   209
  394   188   189   209
  395   209   189   210
  396   189   190   210
  397   210   190   211
  398   190   191   211
  399   191   192   211
  400   211   192   212
  401   212   192   213
  402   192   193   213
  403   213   193   214
  404   193   176   214
  405   214   176   194
  406   215   194   216
  407   194   195   216
  408   216   195   217
  409   195   196   217
  410   217   196   218
  411   196   197   218
  412   197   198   218
  413   218   198   219
  414   198   199   219
  415   199   200   219
  416   200   201   219
  417   219   201   220
  418   220   201   221
  419   221   201   222
  420   222   201   223
  421   223   201   224
  422   224   201   225
  423   201   202   225
  424   225   202   226
  425   226   202   227
  426   202   203   227
  427   227   203   228
  428   203   204   228
  429   204   205   228
  430   228   205   229
  431   205   206   229
  432   229   206   230
  433   206   207   230
  434   230   207   231
  435   207   208   231
  436   208   209   231
  437   231   209   232
  438   209   210   232
  439   232   210   233
  440   210   211   233
  441   233   211   234
  442   211   212   234
  443   234   212   235
  444   212   213   235
  445   235   213   236
  446   213   214   236
  447   236   214   215
  448   214   194   215
  449   216   237   215
  450   216   238   237
  451   217   238   216
  452   217   239   238
  453   218   239   217
  454   218   240   239
  455   219   240   218
  456   219   241   240
  457   220   241   219
  458   220   242   241
  459   221   242   220
  460   221   243   242
  461   222   243   221
  462   222   244   243
  463   223   244   222
  464   223   245   244
  465   224   245   223
  466   225   245   224
  467   225   246   245
  468   226   246   225
  469   226   247   246
  470   227   247   226
  471   227   248   247
  472   228   248   227
  473   228   249   248
  474   229   249   228
  475   229   250   249
  476   230   250   229
  477   230   251   250
  478   231   251   230
  479   231   252   251
  480   232   252   231
  481   232   253   252
  482   233   253   232
  483   233   254   253
  484   234   254   233
  485   234   255   254
  486   235   255   234
  487   235   256   255
  488   236   256   235
  489   236   237   256
  490   237   236   215
  491   237   238   257
  492   257   238   258
  493   238   239   258
  494   258   239   259
  495   239   240   259
  496   259   240   260
  497   240   241   260
  498   260   241   261
  499   241   242   261
  500   261   242   262
  501   242   243   262
  502   262   243   263
  503   263   243   264
  504   243   244   264
  505   264   244   265
  506   244   245   265
  507   265   245   266
  508   245   246   266
  509   266   246   267
  510   246   247   267
  511   267   247   268
  512   247   248   268
  513   268   248   269
  514   248   249   269
  515   269   249   270
  516   249   250   270
  517   270   250   271
  518   250   251   271
  519   271   251   272
  520   272   251   273
  521   251   252   273
  522   252   253   273
  523   273   253   274
  524   253   254   274
  525   274   254   275
  526   275   254   276
  527   254   255   276
  528   276   255   277
  529   255   256   277
  530   277   256   278
  531   256   237   278
  532   278   237   257
  533   258   279   257
  534   258   280   279
  535   259   280   258
  536   259   281   280
  537   260   281   259
  538   260   282   281
  539   261   282   260
  540   261   283   282
  541   262   283   261
  542   262   284   283
  543   263   284   262
  544   263   285   284
  545   264   285   263
  546   264   286   285
  547   264   287   286
  548   265   287   264
  549   265   288   287
  550   266   288   265
  551   267   288   266
  552   267   289   288
  553   268   289   267
  554   268   290   289
  555   269   290   268
  556   270   290   269
  557   270   291   290
  558   271   291   270
  559   271   292   291
  560   272   292   271
  561   272   293   292
  562   272   294   293
  563   273   294   272
  564   273   295   294
  565   274   295   273
  566   274   296   295
  567   275   296   274
  568   275   297   296
  569   276   297   275
  570   277   297   276
  571   277   298   297
  572   278   298   277
  573   278   279   298
  574   279   278   257
  575   299   279   300
  576   279   280   300
  577   300   280   301
  578   280   281   301
  579   301   281   302
  580   281   282   302
  581   302   282   303
  582   282   283   303
  583   303   283   304
  584   283   284   304
  585   304   284   305
  586   284   285   305
  587   305   285   306
  588   285   286   306
  589   306   286   307
  590   286   287   307
  591   307   287   308
  592   287   288   308
  593   308   288   309
  594   288   289   309
  595   309   289   310
  596   289   290   310
  597   310   290   311
  598   311   290   312
  599   290   291   312
  600   312   291   313
  601   291   292   313
  602   292   293   313
  603   313   293   314
  604   293   294   314
  605   314   294   315
  606   294   295   315
  607   315   295   316
  608   295   296   316
  609   316   296   317
  610   296   297   317
  611   317   297   318
  612   297   298   318
  613   318   298   319
  614   298   279   319
  615   319   279   299
  616   300   320   299
  617   300   321   320
  618   301   321   300
  619   301   322   321
  620   302   322   301
  621   302   323   322
  622   303   323   302
  623   304   323   303
  624   304   324   323
  625   305   324   304
  626   305   325   324
  627   306   325   305
  628   306   326   325
  629   307   326   306
  630   307   327   326
  631   308   327   307
  632   308   328   327
  633   308   329   328
  634   309   329   308
  635   309   330   329
  636   310   330   309
  637   310   331   330
  638   311   331   310
  639   312   331   311
  640   312   332   331
  641   313   332   312
  642   313   333   332
  643   314   333   313
  644   314   334   333
  645   315   334   314
  646   316   334   315
  647   316   335   334
  648   317   335   316
  649   317   336   335
  650   318   336   317
  651   318   337   336
  652   319   337   318
  653   319   338   337
  654   319   320   338
  655   320   319   299
  656   339   320   321
  657   340   339   321
  658   340   321   322
  659   341   340   322
  660   341   322   323
  661   342   341   323
  662   342   323   324
  663   343   342   324
  664   344   343   324
  665   344   324   325
  666   344   325   326
  667   345   344   326
  668   345   326   327
  669   346   345   327
  670   346   327   328
  671   347   346   328
  672   347   328   329
  673   348   347   329
  674   348   329   330
  675   349   348   330
  676   349   330   331
  677   349   331   332
  678   350   349   332
  679   350   332   333
  680   351   350   333
  681   352   351   333
  682   352   333   334
  683   353   352   334
  684   354   353   334
  685   354   334   335
  686   354   335   336
  687   355   354   336
  688   355   336   337
  689   356   355   337
  690   356   337   338
  691   339   356   338
  692   339   338   320
  693   357   339   340
  694   358   357   340
  695   358   340   341
  696   359   358   341
  697   359   341   342
  698   360   359   342
  699   360   342   343
  700   361   360   343
  701   361   343   344
  702   362   361   344
  703   362   344   345
  704   363   362   345
  705   363   345   346
  706   364   363   346
  707   364   346   347
  708   364   347   348
  709   365   364   348
  710   365   348   349
  711   366   365   349
  712   367   366   349
  713   367   349   350
  714   367   350   351
  715   368   367   351
  716   369   368   351
  717   369   351   352
  718   369   352   353
  719   370   369   353
  720   370   353   354
  721   371   370   354
  722   371   354   355
  723   372   371   355
  724   372   355   356
  725   373   372   356
  726   373   356   339
  727   357   373   339
  728   374   357   375
  729   357   358   375
  730   375   358   376
  731   358   359   376
  732   376   359   377
  733   359   360   377
  734   360   361   377
  735   361   362   377
  736   377   362   378
  737   362   363   378
  738   378   363   379
  739   379   363   380
  740   380   363   381
  741   363   364   381
  742   364   365   381
  743   381   365   382
  744   382   365   383
  745   365   366   383
  746   383   366   384
  747   366   367   384
  748   384   367   385
  749   367   368   385
  750   385   368   386
  751   368   369   386
  752   386   369   387
  753   369   370   387
  754   387   370   388
  755   370   371   388
  756   388   371   389
  757   371   372   389
  758   389   372   390
  759   372   373   390
  760   390   373   391
  761   391   373   374
  762   373   357   374
  763   392   374   393
  764   374   375   393
  765   393   375   394
  766   375   376   394
  767   394   376   395
  768   376   377   395
  769   395   377   396
  770   377   378   396
  771   396   378   397
  772   378   379   397
  773   397   379   398
  774   398   379   399
  775   379   380   399
  776   399   380   400
  777   400   380   401
  778   380   381   401
  779   401   381   402
  780   381   382   402
  781   402   382   403
  782   403   382   404
  783   382   383   404
  784   404   383   405
  785   383   384   405
  786   405   384   406
  787   384   385   406
  788   406   385   407
  789   407   385   408
  790   385   386   408
  791   408   386   409
  792   386   387   409
  793   409   387   410
  794   387   388   410
  795   410   388   411
  796   388   389   411
  797   411   389   412
  798   389   390   412
  799   412   390   413
  800   390   391   413
  801   413   391   414
  802   391   374   414
  803   414   374   392
  804   415   392   416
  805   392   393   416
  806   416   393   417
  807   393   394   417
  808   417   394   418
  809   394   395   418
  810   418   395   419
  811   419   395   420
  812   395   396   420
  813   420   396   421
  814   396   397   421
  815   397   398   421
  816   421   398   422
  817   398   399   422
  818   422   399   423
  819   399   400   423
  820   423   400   424
  821   400   401   424
  822   424   401   425
  823   401   402   425
  824   425   402   426
  825   402   403   426
  826   426   403   427
  827   403   404   427
  828   404   405   427
  829   427   405   428
  830   405   406   428
  831   428   406   429
  832   406   407   429
  833   429   407   430
  834   407   408   430
  835   430   408   431
  836   408   409   431
  837   431   409   432
  838   409   410   432
  839   432   410   433
  840   433   410   434
  841   410   411   434
  842   434   411   435
  843   411   412   435
  844   435   412   436
  845   412   413   436
  846   436   413   437
  847   413   414   437
  848   437   414   415
  849   414   392   415
  850   416   438   415
  851   417   438   416
  852   417   439   438
  853   418   439   417
  854   418   440   439
  855   419   440   418
  856   419   441   440
  857   420   441   419
  858   420   442   441
  859   421   442   420
  860   422   442   421
  861   422   443   442
  862   422   444   443
  863   423   444   422
  864   423   445   444
  865   424   445   423
  866   425   445   424
  867   425   446   445
  868   426   446   425
  869   426   447   446
  870   427   447   426
  871   427   448   447
  872   427   449   448
  873   428   449   427
  874   428   450   449
  875   429   450   428
  876   429   451   450
  877   430   451   429
  878   430   452   451
  879   431   452   430
  880   431   453   452
  881   432   453   431
  882   433   453   432
  883   433   454   453
  884   434   454   433
  885   434   455   454
  886   435   455   434
  887   435   456   455
  888   436   456   435
  889   437   456   436
  890   437   438   456
  891   438   437   415
  892   457   438   458
  893   438   439   458
  894   458   439   459
  895   439   440   459
  896   459   440   460
  897   440   441   460
  898   460   441   461
  899   441   442   461
  900   461   442   462
  901   442   443   462
  902   462   443   463
  903   443   444   463
  904   444   445   463
  905   463   445   464
  906   464   445   465
  907   445   446   465
  908   465   446   466
  909   446   447   466
  910   447   448   466
  911   448   449   466
  912   466   449   467
  913   449   450   467
  914   467   450   468
  915   450   451   468
  916   468   451   469
  917   451   452   469
  918   469   452   470
  919   452   453   470
  920   470   453   471
  921   453   454   471
  922   471   454   472
  923   454   455   472
  924   472   455   473
  925   455   456   473
  926   473   456   474
  927   474   456   475
  928   456   438   475
  929   475   438   457
  930   476   475   457
  931   477   476   457
  932   477   457   458
  933   478   477   458
  934   478   458   459
  935   479   478   459
  936   479   459   460
  937   480   479   460
  938   480   460   461
  939   480   461   462
  940   481   480   462
  941   481   462   463
  942   482   481   463
  943   482   463   464
  944   483   482   464
  945   483   464   465
  946   484   483   465
  947   484   465   466
  948   485   484   466
  949   485   466   467
  950   486   485   467
  951   487   486   467
  952   487   467   468
  953   488   487   468
  954   488   468   469
  955   489   488   469
  956   489   469   470
  957   490   489   470
  958   490   470   471
  959   491   490   471
  960   491   471   472
  961   492   491   472
  962   492   472   473
  963   493   492   473
  964   493   473   474
  965   476   493   474
  966   476   474   475
  967   494   476   495
  968   476   477   495
  969   495   477   496
  970   477   478   496
  971   496   478   497
  972   478   479   497
  973   497   479   498
  974   479   480   498
  975   498   480   499
  976   480   481   499
  977   499   481   500
  978   481   482   500
  979   500   482   501
  980   482   483   501
  981   501   483   502
  982   502   483   503
  983   483   484   503
  984   503   484   504
  985   484   485   504
  986   504   485   505
  987   485   486   505
  988   486   487   505
  989   505   487   506
  990   487   488   506
  991   488   489   506
  992   506   489   507
  993   489   490   507
  994   507   490   508
  995   490   491   508
  996   508   491   509
  997   491   492   509
  998   509   492   510
  999   492   493   510
 1000   510   493   511
 1001   511   493   494
 1002   493   476   494
 1003   495   512   494
 1004   495   513   512
 1005   496   513   495
 1006   497   513   496
 1007   497   514   513
 1008   498   514   497
 1009   498   515   514
 1010   499   515   498
 1011   500   515   499
 1012   500   516   515
 1013   501   516   500
 1014   501   517   516
 1015   502   517   501
 1016   502   518   517
 1017   503   518   502
 1018   504   518   503
 1019   504   519   518
 1020   505   519   504
 1021   505   520   519
 1022   505   521   520
 1023   506   521   505
 1024   506   522   521
 1025   507   522   506
 1026   507   523   522
 1027   508   523   507
 1028   508   524   523
 1029   509   524   508
 1030   509   525   524
 1031   510   525   509
 1032   510   526   525
 1033   511   526   510
 1034   511   527   526
 1035   494   527   511
 1036   512   527   494
 1037   512   513   528
 1038   528   513   529
 1039   513   514   529
 1040   529   514   530
 1041   530   514   531
 1042   514   515   531
 1043   531   515   532
 1044   532   515   533
 1045   515   516   533
 1046   533   516   534
 1047   516   517   534
 1048   534   517   535
 1049   517   518   535
 1050   535   518   536
 1051   518   519   536
 1052   536   519   537
 1053   519   520   537
 1054   537   520   538
 1055   520   521   538
 1056   538   521   539
 1057   521   522   539
 1058   539   522   540
 1059   522   523   540
 1060   540   523   541
 1061   523   524   541
 1062   541   524   542
 1063   524   525   542
 1064   542   525   543
 1065   525   526   543
 1066   543   526   544
 1067   526   527   544
 1068   527   512   544
 1069   544   512   528
 1070   528   546   545
 1071   529   546   528
 1072   529   547   546
 1073   530   547   529
 1074   530   548   547
 1075   531   548   530
 1076   531   549   548
 1077   532   549   531
 1078   532   550   549
 1079   533   550   532
 1080   533   551   550
 1081   534   551   533
 1082   534   552   551
 1083   535   552   534
 1084   535   553   552
 1085   536   553   535
 1086   536   554   553
 1087   537   554   536
 1088   537   555   554
 1089   538   555   537
 1090   539   555   538
 1091   539   556   555
 1092   540   556   539
 1093   541   556   540
 1094   541   557   556
 1095   542   557   541
 1096   542   558   557
 1097   543   558   542
 1098   543   559   558
 1099   544   559   543
 1100   544   545   559
 1101   545   544   528
 1102   560   545   561
 1103   545   546   561
 1104   561   546   562
 1105   546   547   562
 1106   562   547   563
 1107   547   548   563
 1108   563   548   564
 1109   548   549   564
 1110   549   550   564
 1111   564   550   565
 1112   550   551   565
 1113   565   551   566
 1114   551   552   566
 1115   566   552   567
 1116   552   553   567
 1117   567   553   568
 1118   553   554   568
 1119   568   554   569
 1120   554   555   569
 1121   569   555   570
 1122   570   555   571
 1123   555   556   571
 1124   571   556   572
 1125   556   557   572
 1126   572   557   573
 1127   557   558   573
 1128   573   558   574
 1129   558   559   574
 1130   574   559   575
 1131   575   559   560
 1132   559   545   560
 1133   577   576   560
 1134   577   560   561
 1135   578   577   561
 1136   578   561   562
 1137   578   562   563
 1138   579   578   563
 1139   579   563   564
 1140   580   579   564
 1141   581   580   564
 1142   581   564   565
 1143   581   565   566
 1144   582   581   566
 1145   582   566   567
 1146   583   582   567
 1147   583   567   568
 1148   584   583   568
 1149   584   568   569
 1150   585   584   569
 1151   585   569   570
 1152   586   585   570
 1153   586   570   571
 1154   587   586   571
 1155   587   571   572
 1156   588   587   572
 1157   588   572   573
 1158   589   588   573
 1159   589   573   574
 1160   590   589   574
 1161   590   574   575
 1162   576   590   575
 1163   576   575   560
 1164   578   591   577
 1165   578   592   591
 1166   579   592   578
 1167   579   593   592
 1168   580   593   579
 1169   580   594   593
 1170   581   594   580
 1171   582   594   581
 1172   582   595   594
 1173   583   595   582
 1174   583   596   595
 1175   583   597   596
 1176   584   597   583
 1177   584   598   597
 1178   585   598   584
 1179   586   598   585
 1180   586   599   598
 1181   586   600   599
 1182   587   600   586
 1183   588   600   587
 1184   588   601   600
 1185   589   601   588
 1186   589   602   601
 1187   590   602   589
 1188   590   603   602
 1189   576   603   590
 1190   576   591   603
 1191   591   576   577
 1192   604   591   605
 1193   591   592   605
 1194   605   592   606
 1195   592   593   606
 1196   606   593   607
 1197   607   593   608
 1198   593   594   608
 1199   608   594   609
 1200   594   595   609
 1201   609   595   610
 1202   595   596   610
 1203   610   596   611
 1204   596   597   611
 1205   611   597   612
 1206   597   598   612
 1207   612   598   613
 1208   598   599   613
 1209   613   599   614
 1210   599   600   614
 1211   600   601   614
 1212   614   601   615
 1213   601   602   615
 1214   615   602   616
 1215   602   603   616
 1216   616   603   604
 1217   603   591   604
 1218   617   604   605
 1219   618   617   605
 1220   618   605   606
 1221   619   618   606
 1222   619   606   607
 1223   620   619   607
 1224   620   607   608
 1225   620   608   609
 1226   621   620   609
 1227   621   609   610
 1228   622   621   610
 1229   622   610   611
 1230   623   622   611
 1231   623   611   612
 1232   624   623   612
 1233   624   612   613
 1234   624   613   614
 1235   625   624   614
 1236   625   614   615
 1237   626   625   615
 1238   626   615   616
 1239   627   626   616
 1240   628   627   616
 1241   628   616   604
 1242   617   628   604
 1243   630   629   617
 1244   630   617   618
 1245   630   618   619
 1246   631   630   619
 1247   631   619   620
 1248   632   631   620
 1249   632   620   621
 1250   632   621   622
 1251   633   632   622
 1252   634   633   622
 1253   634   622   623
 1254   635   634   623
 1255   636   635   623
 1256   636   623   624
 1257   637   636   624
 1258   637   624   625
 1259   638   637   625
 1260   638   625   626
 1261   638   626   627
 1262   639   638   627
 1263   639   627   628
 1264   629   639   628
 1265   629   628   617
 1266   640   629   630
 1267   641   640   630
 1268   641   630   631
 1269   642   641   631
 1270   642   631   632
 1271   642   632   633
 1272   643   642   633
 1273   644   643   633
 1274   644   633   634
 1275   645   644   634
 1276   645   634   635
 1277   646   645   635
 1278   646   635   636
 1279   647   646   636
 1280   647   636   637
 1281   648   647   637
 1282   648   637   638
 1283   649   648   638
 1284   649   638   639
 1285   640   649   639
 1286   640   639   629
 1287   650   640   641
 1288   651   650   641
 1289   651   641   642
 1290   652   651   642
 1291   652   642   643
 1292   653   652   643
 1293   653   643   644
 1294   654   653   644
 1295   654   644   645
 1296   655   654   645
 1297   655   645   646
 1298   656   655   646
 1299   656   646   647
 1300   656   647   648
 1301   657   656   648
 1302   657   648   649
 1303   658   657   649
 1304   658   649   640
 1305   650   658   640
 1306   656   659   655
 1307   657   659   656
 1308   658   659   657
 1309   650   659   658
 1310   651   659   650
 1311   652   659   651
 1312   653   659   652
 1313   654   659   653
 1314   659   654   655
