275
    1 77.580200 59.831800 -58.753200
    2 70.529000 65.239000 -59.401400
    3 67.433300 70.462800 -55.622400
    4 71.015700 71.990000 -49.197500
    5 77.507600 69.148700 -45.552900
    6 83.476700 64.215000 -45.512200
    7 85.304200 60.320200 -48.899900
    8 83.699300 58.701200 -53.111100
    9 72.885200 48.786700 -59.000800
   10 64.752200 54.667500 -60.256500
   11 58.783000 59.601200 -60.297200
   12 55.687200 64.825000 -56.518100
   13 55.837300 68.628100 -50.916700
   14 57.442200 70.247100 -46.705500
   15 61.397300 70.063600 -42.278300
   16 66.621000 68.551200 -38.242300
   17 74.381400 64.381100 -34.989200
   18 82.887100 56.789600 -35.731100
   19 85.796700 52.421200 -38.511300
   20 87.101200 46.433800 -45.502900
   21 83.332300 45.761900 -50.929000
   22 77.213100 46.892600 -56.571100
   23 78.625900 64.016700 -51.545600
   24 72.843300 68.095100 -52.585200
   25 63.339400 37.543300 -65.281900
   26 52.669600 46.081900 -65.754800
   27 46.141400 53.581500 -62.799200
   28 44.836800 59.568900 -55.807700
   29 45.882500 63.753900 -48.600200
   30 49.278700 66.136400 -41.176500
   31 57.189100 65.769500 -32.322000
   32 65.845100 61.981100 -27.462500
   33 71.441400 58.758100 -25.424100
   34 77.596800 52.969000 -26.382200
   35 81.588300 48.127100 -28.555000
   36 85.616100 38.626500 -37.328100
   37 84.047400 32.349100 -48.139400
   38 75.427600 31.479000 -59.599000
   39 68.935800 34.320200 -63.243500
   40 56.294000 28.300600 -65.745600
   41 46.706300 36.365600 -65.611100
   42 36.745700 46.141300 -63.478900
   43 33.836200 50.509700 -60.698600
   44 32.159000 58.207800 -51.709500
   45 33.913900 63.629900 -41.897000
   46 38.019200 67.249600 -31.868300
   47 48.280100 65.080200 -22.797700
   48 55.854100 61.765400 -18.545700
   49 66.151000 54.937500 -16.075200
   50 74.843300 46.490700 -17.816000
   51 81.744100 37.280200 -22.769100
   52 85.922000 31.583000 -25.940800
   53 87.226600 25.595600 -32.932300
   54 86.367200 20.555300 -41.138700
   55 79.911500 18.738000 -51.383400
   56 75.060700 18.539700 -57.416900
   57 67.486700 21.854500 -61.668900
   58 45.443700 23.044500 -65.035200
   59 35.855800 31.109600 -64.900600
   60 29.141300 39.464700 -60.946300
   61 24.777200 46.017400 -56.775800
   62 23.622600 55.807800 -44.182900
   63 24.482000 60.848100 -35.976600
   64 28.960200 62.757100 -27.945500
   65 37.766200 62.772000 -17.484700
   66 50.563800 57.944800 -9.196750
   67 58.510300 52.919300 -6.942350
   68 70.821300 41.341200 -8.858380
   69 77.163100 34.696800 -10.815200
   70 84.064000 25.486400 -15.768400
   71 87.533200 18.552000 -21.545000
   72 89.733100 12.946400 -26.930300
   73 88.350600 5.813600 -38.740500
   74 84.058900 3.049300 -47.770300
   75 78.126100 3.324500 -54.411300
   76 67.306100 8.060000 -60.485600
   77 55.927100 15.361400 -63.563500
   78 36.907400 20.644700 -57.508500
   79 29.670000 26.907200 -57.157900
   80 23.514500 32.696300 -56.200000
   81 17.172700 39.340700 -54.243200
   82 12.808500 45.893300 -50.072700
   83 11.503800 51.880700 -43.081200
   84 13.258800 57.302800 -33.268600
   85 16.468700 60.540600 -24.846200
   86 20.760400 63.305000 -15.816200
   87 27.775200 62.556200 -8.567860
   88 34.080700 60.570300 -3.924580
   89 46.169000 54.506000 1.758300
   90 60.271200 43.691500 3.054800
   91 72.768400 31.258000 0.139900
   92 78.214600 24.231900 -3.423130
   93 81.496900 18.152700 -8.200990
   94 84.592700 12.929000 -11.980000
   95 86.793000 7.323400 -17.365400
   96 87.015600 1.809600 -24.964300
   97 83.992100 -2.283690 -34.385500
   98 80.409700 -3.810880 -40.810400
   99 75.372500 -3.153810 -45.845100
  100 69.066900 -1.167960 -50.488500
  101 56.792300 5.751700 -55.172500
  102 47.577200 12.106000 -57.035600
  103 33.817300 11.218500 -53.544900
  104 27.848200 16.152200 -53.585700
  105 19.528800 22.888400 -53.842500
  106 9.754670 31.808700 -52.709200
  107 5.017620 40.072000 -46.541100
  108 3.526660 46.914700 -38.550900
  109 4.199710 52.810400 -29.345700
  110 7.036700 57.758900 -18.925700
  111 14.760800 58.247300 -9.072380
  112 20.693700 57.972100 -2.431410
  113 28.267500 54.657300 1.820600
  114 40.542200 47.737600 6.504700
  115 54.830700 36.067800 6.802300
  116 67.141600 24.489600 4.886300
  117 74.565400 17.371700 3.536900
  118 78.743300 11.674400 0.365210
  119 81.839100 6.450600 -3.413840
  120 84.039400 0.845100 -8.799100
  121 84.971200 -3.431660 -13.793100
  122 85.193800 -8.945470 -21.392000
  123 80.192800 -12.946900 -33.026900
  124 74.446400 -13.527000 -40.666600
  125 67.058700 -11.067600 -45.917400
  126 59.484800 -7.752790 -50.169400
  127 46.837400 0.877500 -52.855900
  128 29.645200 2.265800 -50.188700
  129 19.161800 9.949100 -51.660400
  130 5.582520 22.856100 -49.353000
  131 -0.422750 32.448300 -42.793700
  132 -3.182090 40.619900 -34.412000
  133 -3.591050 46.989100 -25.814200
  134 -0.754060 51.937600 -15.394200
  135 7.679280 53.663100 -2.935810
  136 15.776000 52.440800 4.920000
  137 23.350000 49.125900 9.171900
  138 35.811000 41.351000 12.857300
  139 48.831200 31.010000 13.546200
  140 64.388000 18.011300 13.452500
  141 73.080200 9.564500 11.711700
  142 78.526500 2.538200 8.148700
  143 81.808600 -3.540870 3.370800
  144 82.926900 -8.672880 -2.621880
  145 82.776700 -12.476000 -8.223250
  146 80.649000 -16.187500 -16.038300
  147 76.207200 -22.754900 -30.669500
  148 73.893000 -25.610900 -37.485800
  149 65.609800 -23.533300 -44.342700
  150 57.849500 -19.363200 -47.595900
  151 43.933700 -9.404020 -49.891200
  152 21.854400 -3.555390 -46.657200
  153 16.071700 0.522900 -47.696800
  154 8.647900 7.640900 -46.347400
  155 -0.044310 16.087700 -44.606700
  156 -6.235930 26.535300 -37.048500
  157 -9.181700 35.562100 -27.668000
  158 -8.695000 42.313100 -17.464100
  159 -6.567340 46.024600 -9.649110
  160 -0.111630 47.841800 0.595660
  161 7.089630 46.237600 6.845200
  162 20.073600 40.555200 14.134300
  163 25.669900 37.332200 16.172700
  164 31.825400 31.543100 15.214700
  165 35.443900 28.411700 15.039400
  166 40.181000 20.148400 8.871400
  167 43.276800 14.924700 5.092200
  168 46.222600 5.897700 -4.288170
  169 48.163800 10.464500 4.525600
  170 44.322600 19.109600 12.299800
  171 49.173400 19.307900 18.333300
  172 54.769700 16.084900 20.371700
  173 60.552500 12.006500 21.411200
  174 70.513000 2.230800 19.279200
  175 75.250000 -6.032550 13.111200
  176 77.300000 -15.441300 2.124400
  177 75.581300 -25.521800 -14.288200
  178 71.848600 -30.852200 -26.314500
  179 69.534500 -33.708200 -33.130800
  180 61.437800 -32.486000 -40.986600
  181 51.699800 -28.224100 -46.453400
  182 36.515600 -16.936000 -48.357200
  183 29.987500 -9.436270 -45.401600
  184 26.368800 -6.304930 -45.226300
  185 13.318100 -5.955390 -39.130600
  186 5.185070 -0.074610 -40.386300
  187 -2.052410 6.188000 -40.035600
  188 -7.684900 14.069500 -35.473800
  189 -10.444300 22.241200 -27.092200
  190 -11.562500 27.373200 -21.099400
  191 -9.807500 32.795300 -11.286800
  192 -6.411400 35.177800 -3.863200
  193 0.603450 34.429000 3.385200
  194 6.909040 32.443100 8.028500
  195 14.483000 29.128200 12.280500
  196 18.997300 26.378800 13.711500
  197 26.048400 20.971500 14.359600
  198 30.039800 16.129500 12.186800
  199 34.031300 11.287600 10.013900
  200 36.045200 6.537300 5.627400
  201 39.513700 -0.397070 -0.149280
  202 39.850200 2.550700 4.453300
  203 38.732100 7.682700 10.446000
  204 37.613700 12.814800 16.438700
  205 39.032300 15.289100 21.648800
  206 42.801200 15.960900 27.074800
  207 49.106600 13.974900 31.718200
  208 57.053400 8.949500 33.972600
  209 63.581600 1.449800 31.017000
  210 68.691200 -8.524230 22.851400
  211 69.100200 -14.893400 14.253700
  212 68.054500 -19.078400 7.046100
  213 67.904400 -22.881500 1.444700
  214 69.209000 -28.868900 -5.546830
  215 68.535900 -34.764500 -14.752000
  216 63.535000 -38.766000 -26.386800
  217 56.520200 -38.017200 -33.635200
  218 46.259300 -35.847800 -42.705800
  219 36.858000 -28.638100 -43.570100
  220 28.352100 -21.046600 -42.828200
  221 23.801500 -13.638600 -37.658900
  222 25.742900 -9.071880 -28.845100
  223 29.139100 -6.689310 -21.421400
  224 33.989900 -6.491090 -15.388000
  225 36.676700 -5.345700 -10.569300
  226 19.623800 -7.941330 -34.487300
  227 56.898000 -17.290700 -3.630800
  228 47.869400 -11.791700 -6.492620
  229 42.982300 -7.331550 -5.925980
  230 -4.777610 22.174700 0.512990
  231 -0.635990 21.135900 3.941500
  232 5.669680 19.149900 8.584900
  233 13.802700 13.269200 9.840500
  234 17.980500 7.571800 6.668800
  235 25.927200 2.546400 8.923300
  236 29.732300 -1.440330 7.749100
  237 32.641800 -5.808740 4.968800
  238 31.223200 -8.283010 -0.241160
  239 27.640800 -9.810200 -6.666020
  240 21.521500 -8.679640 -12.308100
  241 13.761200 -4.509440 -15.561400
  242 9.619690 -3.470670 -18.989900
  243 2.941350 0.225900 -21.635600
  244 -2.318540 6.396800 -19.071400
  245 -6.869100 13.804800 -13.902200
  246 -6.905370 18.463300 -7.302030
  247 31.067900 -34.523300 -37.844600
  248 26.890100 -28.825900 -34.672900
  249 26.331000 -26.259900 -31.676500
  250 25.212700 -21.127900 -25.683800
  251 27.340400 -17.416500 -17.868800
  252 33.982500 -16.454600 -8.622830
  253 40.101900 -17.585100 -2.980680
  254 49.839700 -21.847000 2.486100
  255 57.263500 -28.965000 1.136700
  256 59.463800 -34.570600 -4.248540
  257 57.336100 -38.281900 -12.063600
  258 55.021900 -41.138000 -18.879800
  259 49.834500 -44.284100 -29.515900
  260 44.983700 -44.482500 -35.549400
  261 38.119100 -39.930600 -37.196300
  262 37.829100 -2.662570 15.604900
  263 34.733300 2.561100 19.384000
  264 33.801400 6.837900 24.378000
  265 38.279400 8.746800 32.409000
  266 45.294300 7.998100 39.657300
  267 52.531800 1.735500 39.306800
  268 57.268700 -6.527840 33.138800
  269 60.400700 -16.410200 22.759500
  270 57.191100 -19.648000 14.337100
  271 53.049400 -18.609100 10.908500
  272 48.162300 -14.148900 11.475200
  273 34.055100 -25.771500 -21.823100
  274 48.089900 -4.832000 24.675600
  275 9.360810 6.701700 -4.790750
546
     1     1    10     9
    2     1     2    10
    3     2    11    10
    4     2     3    11
    5     3    12    11
    6     3    13    12
    7     3    14    13
    8     3     4    14
    9     4    15    14
   10     4    16    15
   11     4     5    16
   12     5    17    16
   13     5     6    17
   14     6    18    17
   15     6     7    18
   16     7    19    18
   17     7    20    19
   18     7     8    20
   19     8    21    20
   20     8    22    21
   21     8     1    22
   22     1     9    22
   23    23    24     1
   24    24     2     1
   25    24     3     2
   26    24     4     3
   27    24     5     4
   28    24    23     5
   29    23     6     5
   30    23     7     6
   31    23     8     7
   32    23     1     8
   33     9    10    25
   34    10    26    25
   35    10    11    26
   36    11    27    26
   37    11    28    27
   38    11    12    28
   39    12    29    28
   40    12    13    29
   41    13    30    29
   42    13    14    30
   43    14    15    30
   44    15    31    30
   45    15    16    31
   46    16    32    31
   47    16    17    32
   48    17    33    32
   49    17    34    33
   50    17    18    34
   51    18    35    34
   52    18    19    35
   53    19    36    35
   54    19    20    36
   55    20    37    36
   56    20    21    37
   57    21    22    37
   58    22    38    37
   59    22    39    38
   60    22     9    39
   61     9    25    39
   62    25    41    40
   63    25    26    41
   64    26    42    41
   65    26    27    42
   66    27    43    42
   67    27    28    43
   68    28    44    43
   69    28    29    44
   70    29    45    44
   71    29    30    45
   72    30    46    45
   73    30    47    46
   74    30    31    47
   75    31    48    47
   76    31    32    48
   77    32    49    48
   78    32    33    49
   79    33    50    49
   80    33    34    50
   81    34    35    50
   82    35    51    50
   83    35    36    51
   84    36    52    51
   85    36    53    52
   86    36    37    53
   87    37    54    53
   88    37    55    54
   89    37    38    55
   90    38    56    55
   91    38    57    56
   92    38    39    57
   93    39    40    57
   94    39    25    40
   95    40    41    58
   96    41    59    58
   97    41    42    59
   98    42    60    59
   99    42    43    60
  100    43    61    60
  101    43    44    61
  102    44    62    61
  103    44    45    62
  104    45    63    62
  105    45    64    63
  106    45    46    64
  107    46    65    64
  108    46    47    65
  109    47    66    65
  110    47    48    66
  111    48    67    66
  112    48    49    67
  113    49    68    67
  114    49    50    68
  115    50    69    68
  116    50    51    69
  117    51    70    69
  118    51    52    70
  119    52    71    70
  120    52    53    71
  121    53    72    71
  122    53    54    72
  123    54    73    72
  124    54    74    73
  125    54    55    74
  126    55    75    74
  127    55    56    75
  128    56    76    75
  129    56    57    76
  130    57    77    76
  131    57    40    77
  132    40    58    77
  133    58    59    78
  134    59    79    78
  135    59    60    79
  136    60    80    79
  137    60    61    80
  138    61    81    80
  139    61    82    81
  140    61    62    82
  141    62    83    82
  142    62    84    83
  143    62    63    84
  144    63    85    84
  145    63    64    85
  146    64    86    85
  147    64    65    86
  148    65    87    86
  149    65    88    87
  150    65    66    88
  151    66    89    88
  152    66    67    89
  153    67    90    89
  154    67    68    90
  155    68    91    90
  156    68    69    91
  157    69    92    91
  158    69    70    92
  159    70    93    92
  160    70    94    93
  161    70    71    94
  162    71    95    94
  163    71    72    95
  164    72    96    95
  165    72    73    96
  166    73    97    96
  167    73    98    97
  168    73    74    98
  169    74    99    98
  170    74    75    99
  171    75   100    99
  172    75    76   100
  173    76   101   100
  174    76    77   101
  175    77   102   101
  176    77    58   102
  177    58    78   102
  178    78   104   103
  179    78    79   104
  180    79   105   104
  181    79    80   105
  182    80   106   105
  183    80    81   106
  184    81   107   106
  185    81    82   107
  186    82    83   107
  187    83   108   107
  188    83    84   108
  189    84   109   108
  190    84    85   109
  191    85   110   109
  192    85    86   110
  193    86   111   110
  194    86    87   111
  195    87   112   111
  196    87   113   112
  197    87    88   113
  198    88   114   113
  199    88    89   114
  200    89    90   114
  201    90   115   114
  202    90    91   115
  203    91   116   115
  204    91    92   116
  205    92   117   116
  206    92   118   117
  207    92    93   118
  208    93   119   118
  209    93    94   119
  210    94   120   119
  211    94    95   120
  212    95   121   120
  213    95    96   121
  214    96   122   121
  215    96    97   122
  216    97   123   122
  217    97    98   123
  218    98   124   123
  219    98    99   124
  220    99   125   124
  221    99   100   125
  222   100   126   125
  223   100   101   126
  224   101   127   126
  225   101   102   127
  226   102   103   127
  227   102    78   103
  228   103   104   128
  229   104   129   128
  230   104   105   129
  231   105   130   129
  232   105   106   130
  233   106   131   130
  234   106   107   131
  235   107   132   131
  236   107   108   132
  237   108   133   132
  238   108   109   133
  239   109   134   133
  240   109   110   134
  241   110   135   134
  242   110   111   135
  243   111   112   135
  244   112   136   135
  245   112   113   136
  246   113   137   136
  247   113   114   137
  248   114   138   137
  249   114   139   138
  250   114   115   139
  251   115   116   139
  252   116   140   139
  253   116   117   140
  254   117   141   140
  255   117   118   141
  256   118   142   141
  257   118   119   142
  258   119   143   142
  259   119   120   143
  260   120   144   143
  261   120   121   144
  262   121   145   144
  263   121   146   145
  264   121   122   146
  265   122   123   146
  266   123   147   146
  267   123   124   147
  268   124   148   147
  269   124   149   148
  270   124   125   149
  271   125   150   149
  272   125   126   150
  273   126   151   150
  274   126   127   151
  275   127   128   151
  276   127   103   128
  277   128   153   152
  278   128   129   153
  279   129   154   153
  280   129   130   154
  281   130   155   154
  282   130   131   155
  283   131   156   155
  284   131   132   156
  285   132   157   156
  286   132   133   157
  287   133   158   157
  288   133   134   158
  289   134   159   158
  290   134   160   159
  291   134   135   160
  292   135   161   160
  293   135   136   161
  294   136   162   161
  295   136   137   162
  296   137   163   162
  297   137   138   163
  298   138   164   163
  299   138   165   164
  300   138   139   165
  301   139   166   165
  302   139   167   166
  303   139   168   167
  304   139   169   168
  305   139   170   169
  306   139   171   170
  307   139   140   171
  308   140   172   171
  309   140   173   172
  310   140   141   173
  311   141   174   173
  312   141   142   174
  313   142   175   174
  314   142   143   175
  315   143   176   175
  316   143   144   176
  317   144   145   176
  318   145   177   176
  319   145   146   177
  320   146   147   177
  321   147   178   177
  322   147   148   178
  323   148   179   178
  324   148   180   179
  325   148   149   180
  326   149   181   180
  327   149   150   181
  328   150   151   181
  329   151   182   181
  330   151   183   182
  331   151   128   183
  332   128   184   183
  333   128   152   184
  334   152   153   185
  335   153   186   185
  336   153   154   186
  337   154   187   186
  338   154   155   187
  339   155   188   187
  340   155   156   188
  341   156   189   188
  342   156   157   189
  343   157   190   189
  344   157   158   190
  345   158   191   190
  346   158   159   191
  347   159   192   191
  348   159   160   192
  349   160   193   192
  350   160   161   193
  351   161   194   193
  352   161   162   194
  353   162   195   194
  354   162   196   195
  355   162   163   196
  356   163   164   196
  357   164   197   196
  358   164   165   197
  359   165   198   197
  360   165   166   198
  361   166   199   198
  362   166   167   199
  363   167   200   199
  364   167   168   200
  365   168   201   200
  366   168   202   201
  367   168   169   202
  368   169   203   202
  369   169   170   203
  370   170   204   203
  371   170   205   204
  372   170   171   205
  373   171   206   205
  374   171   172   206
  375   172   207   206
  376   172   208   207
  377   172   173   208
  378   173   209   208
  379   173   174   209
  380   174   210   209
  381   174   175   210
  382   175   211   210
  383   175   176   211
  384   176   212   211
  385   176   213   212
  386   176   214   213
  387   176   177   214
  388   177   215   214
  389   177   178   215
  390   178   216   215
  391   178   179   216
  392   179   217   216
  393   179   180   217
  394   180   218   217
  395   180   181   218
  396   181   219   218
  397   181   182   219
  398   182   220   219
  399   182   183   220
  400   183   221   220
  401   183   184   221
  402   184   152   221
  403   152   222   221
  404   152   226   222
  405   152   185   226
  406   185   243   242
  407   185   186   243
  408   186   187   243
  409   187   244   243
  410   187   188   244
  411   188   189   244
  412   189   245   244
  413   189   190   245
  414   190   246   245
  415   190   191   246
  416   191   230   246
  417   191   192   230
  418   192   193   230
  419   193   231   230
  420   193   194   231
  421   194   232   231
  422   194   195   232
  423   195   196   232
  424   196   233   232
  425   196   197   233
  426   197   198   233
  427   198   234   233
  428   198   235   234
  429   198   199   235
  430   199   200   235
  431   200   236   235
  432   200   201   236
  433   201   237   236
  434   201   238   237
  435   201   225   238
  436   225   239   238
  437   225   224   239
  438   224   240   239
  439   224   223   240
  440   223   241   240
  441   223   222   241
  442   222   242   241
  443   222   226   242
  444   226   185   242
  445   208   209   267
  446   209   268   267
  447   209   210   268
  448   210   269   268
  449   210   211   269
  450   211   270   269
  451   211   212   270
  452   212   271   270
  453   212   213   271
  454   213   227   271
  455   227   272   271
  456   227   228   272
  457   228   229   272
  458   229   201   272
  459   201   262   272
  460   201   202   262
  461   202   203   262
  462   203   263   262
  463   203   204   263
  464   204   264   263
  465   204   205   264
  466   205   265   264
  467   205   206   265
  468   206   207   265
  469   207   266   265
  470   207   208   266
  471   208   267   266
  472   221   250   249
  473   221   222   250
  474   222   251   250
  475   222   223   251
  476   223   224   251
  477   224   252   251
  478   224   225   252
  479   225   253   252
  480   225   201   253
  481   201   229   253
  482   229   228   253
  483   228   254   253
  484   228   227   254
  485   227   255   254
  486   227   213   255
  487   213   214   255
  488   214   256   255
  489   214   215   256
  490   215   257   256
  491   215   258   257
  492   215   216   258
  493   216   259   258
  494   216   217   259
  495   217   260   259
  496   217   218   260
  497   218   261   260
  498   218   219   261
  499   219   247   261
  500   219   248   247
  501   219   220   248
  502   220   249   248
  503   220   221   249
  504   275   230   231
  505   275   231   232
  506   275   232   233
  507   275   233   234
  508   275   234   235
  509   275   235   236
  510   275   236   237
  511   275   237   238
  512   275   238   239
  513   275   239   240
  514   275   240   241
  515   275   241   242
  516   275   242   243
  517   275   243   244
  518   275   244   245
  519   275   245   246
  520   275   246   230
  521   274   262   263
  522   274   263   264
  523   274   264   265
  524   274   265   266
  525   274   266   267
  526   274   267   268
  527   274   268   269
  528   274   269   270
  529   274   270   271
  530   274   271   272
  531   274   272   262
  532   273   247   248
  533   273   248   249
  534   273   249   250
  535   273   250   251
  536   273   251   252
  537   273   252   253
  538   273   253   254
  539   273   254   255
  540   273   255   256
  541   273   256   257
  542   273   257   258
  543   273   258   259
  544   273   259   260
  545   273   260   261
  546   273   261   247
